1085
1004
36
1988
1357
1250
1977
1935
143
1194
1175
243
1420
1984
137
1487
1778
757
1458
52
1909
1897
1481
1361
494
1986
1757
1232
669
1699
1369
540
1419
500
1235
358
1226
1298
1347
963
1267
1348
1024
750
1403
874
269
145
1399
1677
1140
535
201
1058
1786
795
993
1611
505
1538
804
886
1857
1498
274
1803
1687
194
1497
1353
613
572
1913
1111
899
1309
766
1963
1076
1790
833
192
1082
175
1685
223
241
97
254
59
1253
1659
302
1808
92
1151
694
880
1495
228
38
1261
1954
1440
200
1938
1297
1894
498
1501
856
1597
524
1317
721
283
482
1417
914
677
1192
645
414
1411
607
132
350
590
1662
1618
1313
1565
1099
1091
1574
1713
206
1914
690
1850
534
625
130
412
1888
668
1657
1398
1001
1358
759
1730
428
1681
1582
1328
869
1489
1999
1323
1079
58
225
996
507
1973
1281
1402
1247
622
546
983
1876
1092
1741
397
775
612
238
1246
1928
1585
894
808
907
34
1392
632
1337
501
1642
1017
949
334
450
680
1531
304
1307
640
739
547
1528
434
466
716
1868
1589
649
773
1559
1990
718
1817
1737
695
221
1112
1294
1401
231
140
1635
48
1432
720
1321
1162
1637
1204
620
522
32
82
1141
568
531
313
1477
1094
1598
1314
784
1165
198
1759
1484
341
602
616
188
767
1437
1368
160
1243
1720
701
424
1485
1153
871
1944
1257
379
1334
1824
670
322
1667
1277
423
244
1469
529
711
1997
303
1536
1439
399
839
596
461
1550
111
270
931
557
258
249
1613
239
978
1780
349
153
1295
812
53
1396
1445
380
1756
444
708
1673
1438
852
84
850
1254
259
325
1068
1360
1212
824
1855
944
1744
709
211
392
697
156
1274
1693
1371
1245
56
509
171
1367
1209
419
1691
753
1811
1200
1483
836
1086
719
1579
1754
592
1036
260
1509
60
699
731
1511
1242
926
511
381
1035
1823
1882
1293
1346
1782
1122
1534
1901
1221
946
990
1118
1535
1890
1989
1835
881
1826
1867
563
598
124
741
715
1219
352
1902
147
1736
1083
737
688
934
1515
293
1494
1413
867
332
1158
471
26
1499
1549
1615
1893
1788
526
730
1159
133
77
94
999
442
28
1025
176
1624
950
39
85
1395
1512
496
1625
1829
93
326
480
327
1706
1117
1041
1768
802
1473
1227
1632
1953
1704
659
555
166
61
617
1345
126
1027
1712
506
1740
1026
550
319
1998
860
1921
115
1961
1861
1113
1742
578
1551
316
514
1529
1493
897
227
1502
811
1289
957
289
282
1518
1792
422
785
1755
1865
54
539
1871
1234
868
1969
1003
493
901
1887
624
218
1222
1524
1918
1044
1641
114
915
110
973
76
865
210
1767
33
1800
347
1190
885
672
1821
1467
275
154
1614
222
402
1540
1970
1102
1937
1695
700
1378
823
876
441
255
195
446
995
1573
248
224
727
552
1719
786
942
1766
1362
631
199
467
320
343
1359
1259
818
523
1566
1255
510
848
336
564
481
681
433
396
1951
800
1475
1700
1621
985
331
1655
158
1016
947
151
1470
1051
19
658
1311
1506
1177
1818
1168
580
1414
1119
1717
1373
1575
544
1344
1761
905
1244
1789
508
1830
256
579
799
1282
168
1950
1217
976
1746
296
1972
1066
1434
1773
203
779
1985
141
841
1728
7
1260
735
643
541
1249
1827
400
367
1569
987
468
1147
1858
525
1723
1205
439
294
1548
742
311
1557
164
196
1783
205
1762
1479
772
165
667
1733
1581
363
182
1312
532
1917
1065
1103
908
27
829
342
1672
754
815
577
1169
1711
1653
2000
890
1924
1380
42
197
1734
1987
1714
1628
826
1978
895
307
776
1840
146
72
391
473
487
1389
78
998
1753
687
1940
846
389
1176
683
454
1947
893
573
794
1646
574
734
24
13
1781
489
1602
464
112
1425
292
1526
1743
348
1568
295
1405
1275
832
956
1211
1539
1150
1472
1777
1747
653
339
1622
692
919
1527
40
1880
713
4
1794
1338
954
1623
469
1701
57
1460
582
1563
123
1739
1265
281
1748
1381
562
372
1488
310
1885
1964
1903
251
1875
257
1134
1870
1069
986
1779
975
1708
1174
167
1552
125
385
1032
279
120
318
513
1992
1220
566
693
565
1729
1816
626
1013
977
230
945
714
1050
457
1725
1366
263
370
359
297
1649
1974
691
685
682
1760
661
859
41
698
80
705
491
1043
924
1462
1591
3
1156
208
371
844
1386
1258
814
1558
1302
1546
1152
369
1533
1683
889
180
1052
463
1023
1516
1971
542
420
1960
875
1801
1397
1852
1172
406
866
1610
964
8
528
103
437
1429
1626
1123
898
1286
401
278
600
11
1202
301
1590
1365
855
1607
853
1519
246
1424
285
1081
1640
1955
1291
1039
1390
965
1449
765
1132
1837
1521
1063
335
232
1680
337
1407
483
656
1537
1545
46
586
717
479
89
981
1564
1228
940
845
1248
1237
674
1993
780
1406
1435
1895
1692
1238
451
1968
1214
1474
1163
344
1879
635
980
958
1785
1161
1751
955
134
1758
763
240
1466
657
806
229
1845
300
1391
1656
1155
1121
128
1822
187
462
593
266
1096
330
1040
1911
1264
161
452
584
1048
1936
1033
615
854
953
967
1750
921
235
100
109
117
411
1503
1268
357
1664
1860
1904
1942
1697
262
1645
404
1350
1562
1851
647
290
821
1679
1144
605
1191
858
1933
118
778
346
1327
70
1513
309
1336
374
1170
1583
1965
1078
91
1428
1296
1675
1461
51
768
173
619
929
1409
1283
1523
738
1173
30
1949
1491
1839
268
1106
696
1883
217
634
1256
591
644
611
261
86
453
375
312
1279
1631
1647
1038
988
1184
271
1576
989
1833
1213
122
576
1517
1
170
1316
549
788
1856
214
1325
628
835
1577
1442
900
1966
1793
69
1084
1304
1471
1415
368
1423
1114
90
305
1878
220
673
1957
184
443
805
73
819
377
1007
476
1892
273
1056
1996
1507
1182
1644
333
1820
676
1991
1138
970
1436
561
364
421
162
827
1619
1352
148
1088
1022
1456
1210
1443
732
1560
1453
64
15
1135
1490
1251
139
744
1019
1796
81
504
515
1187
1595
891
650
830
1005
1698
1633
551
1100
1021
904
277
887
758
1318
960
991
1669
665
1374
1694
1825
431
966
1108
1776
1510
610
1143
1028
1896
652
181
614
792
1055
323
1196
1848
588
1308
1351
1145
1802
1349
791
1948
253
1341
928
1862
172
329
1927
1457
1480
556
627
31
1962
834
1115
553
436
664
1315
1128
1508
25
1412
20
1797
807
447
1037
1408
1071
1292
911
1584
1482
1301
1107
45
822
413
1278
1832
387
1899
849
1727
1980
410
430
601
994
65
1945
1061
1093
1702
384
306
1735
663
1525
1596
1446
1385
163
216
1492
516
560
1167
67
1224
1031
68
1015
135
1363
