Original, Unsorted, array
23 
43 
19 
6 
28 
31 
30 
29 
35 
37 
40 
8 
36 
33 
21 
32 
25 
47 
42 
49 
27 
18 
2 
34 
11 
17 
39 
16 
20 
12 
10 
15 
22 
50 
7 
26 
0 
5 
13 
44 
46 
1 
45 
24 
14 
9 
48 
3 
41 
4 

Shell Sort 1 Runtime: 267000
0 
1 
2 
3 
4 
5 
6 
7 
8 
9 
10 
11 
12 
13 
14 
15 
16 
17 
18 
19 
20 
21 
22 
23 
24 
25 
26 
27 
28 
29 
30 
31 
32 
33 
34 
35 
36 
37 
39 
40 
41 
42 
43 
44 
45 
46 
47 
48 
49 
50 



Shell Sort 2 Runtime: 12000
0 
1 
2 
3 
4 
5 
6 
7 
8 
9 
10 
11 
12 
13 
14 
15 
16 
17 
18 
19 
20 
21 
22 
23 
24 
25 
26 
27 
28 
29 
30 
31 
32 
33 
34 
35 
36 
37 
39 
40 
41 
42 
43 
44 
45 
46 
47 
48 
49 
50 



Shell Sort 3 Runtime: 11000
0 
1 
2 
3 
4 
5 
6 
7 
8 
9 
10 
11 
12 
13 
14 
15 
16 
17 
18 
19 
20 
21 
22 
23 
24 
25 
26 
27 
28 
29 
30 
31 
32 
33 
34 
35 
36 
37 
39 
40 
41 
42 
43 
44 
45 
46 
47 
48 
49 
50 



Shell Sort 4 Runtime: 13000
0 
1 
2 
3 
4 
5 
6 
7 
8 
9 
10 
11 
12 
13 
14 
15 
16 
17 
18 
19 
20 
21 
22 
23 
24 
25 
26 
27 
28 
29 
30 
31 
32 
33 
34 
35 
36 
37 
39 
40 
41 
42 
43 
44 
45 
46 
47 
48 
49 
50 



Heap Sort Runtime: 249000
0 
1 
2 
3 
4 
5 
6 
7 
8 
9 
10 
11 
12 
13 
14 
15 
16 
17 
18 
19 
20 
21 
22 
23 
24 
25 
26 
27 
28 
29 
30 
31 
32 
33 
34 
35 
36 
37 
39 
40 
41 
42 
43 
44 
45 
46 
47 
48 
49 
50 


