2890
538
3276
4806
3316
4384
2115
3606
2141
4718
2852
4855
4271
2118
334
4220
2767
3708
4981
4019
721
2143
2755
2415
3403
784
4786
2750
1501
211
4048
1513
437
328
3755
3731
718
4755
4060
3479
4231
3854
3513
3126
4059
143
3285
483
1410
3205
4532
4963
3176
3820
2056
1541
153
1120
3020
3232
4827
1799
2854
4782
3552
3757
4119
3462
396
1959
55
3874
3393
121
540
4184
3065
3028
301
1470
67
4082
4767
115
1079
2217
138
2121
183
4451
3289
3105
1363
3282
1815
4738
3550
796
2382
4065
379
4346
3905
4739
3912
368
2864
2531
4727
1272
3724
3677
3174
2151
2913
4226
4446
2403
4401
4903
2213
4730
4257
4837
2700
4483
2589
4784
3883
2936
670
174
2900
3715
3291
3896
1620
4522
111
81
3054
4507
2303
4531
527
3440
1976
991
3517
1882
1998
265
1826
1719
1235
1159
1481
496
4113
3225
1810
4710
2859
4801
981
1622
3251
4126
4044
677
4221
2583
3509
3348
3676
3642
837
2463
2520
2015
405
4146
98
2973
2263
231
3021
4018
2713
652
57
362
779
3428
261
135
2322
26
249
707
3541
4343
3576
911
3132
12
2948
4965
4988
3177
882
2880
2133
4163
4569
4263
1296
4298
1954
1402
2657
2653
1147
3985
431
1886
241
2513
1150
3047
2716
713
1398
2434
3093
1081
3735
3015
2941
1750
3469
4357
1744
711
33
4355
4433
3791
80
2784
4534
1364
4033
1348
3333
2826
757
3659
3586
3278
1683
4332
2482
1921
494
1148
2099
150
347
1642
1730
3589
2098
1721
1603
1412
3214
522
1379
3118
4489
4999
848
2299
3155
878
4842
2020
3236
3673
2982
358
1008
4979
2243
4124
2149
391
924
2491
1303
620
1890
4958
2546
1290
2138
744
1062
2529
2355
4609
2324
4510
518
1599
2351
4708
3741
1309
4573
1576
4188
1276
2981
4156
166
3774
959
3898
966
13
2354
2684
1030
4579
774
3217
1421
3489
1646
1471
705
1577
4674
938
1942
74
3546
2759
3612
3144
4088
2089
2094
2847
549
4920
275
4933
4313
4971
3683
3178
3309
3908
2283
2992
4076
4645
4015
4544
253
1835
3666
3182
3998
1000
572
3671
1178
319
2065
3422
2101
2091
1684
3500
2693
1697
1026
2596
1711
4792
4559
4461
1706
4540
1558
3978
1670
4950
3471
555
2816
3402
3709
3062
4502
1715
4001
4282
954
4429
2888
3165
1043
320
1771
1668
3281
3907
1734
3308
1841
4192
801
4633
2720
2637
1351
1500
3258
16
961
2380
3535
2040
2660
1689
3750
4228
355
1051
1058
4129
2176
3129
3780
3688
3684
4365
2814
1229
2024
4790
3238
38
4492
654
4325
4278
649
3255
2655
2313
289
4952
3496
3605
2970
792
5
1763
2010
3419
4961
1019
3397
377
1240
1862
3525
4319
1557
1716
2964
1743
58
4880
4300
8
1445
1551
1804
4493
4102
574
4949
4275
283
2333
3324
1999
2601
498
4871
3157
4808
4644
566
3508
1123
1607
3915
656
1993
4533
4711
61
3792
449
264
3823
4288
2312
3917
4654
248
647
4322
1418
3423
2819
2737
1259
4310
4594
2307
2460
2346
1624
840
4915
3928
2650
2164
2018
2514
2979
4054
1663
4293
1856
1709
939
746
568
1486
3682
2886
3458
2532
4957
3967
530
2369
1569
682
887
3108
819
487
709
4824
466
2309
1080
4181
4147
4348
855
1575
1281
4660
3549
2325
120
2166
2314
1464
1177
3885
1011
3651
1770
3482
1063
2815
4858
4260
3107
1012
3725
4414
2977
3265
2271
2507
4428
1696
3802
3306
2154
443
3685
1201
1714
901
2469
463
4516
108
3443
1819
1053
2787
2748
92
760
1066
1406
2345
1520
1217
1907
4777
3395
2954
4883
2375
2797
2367
1825
3405
2538
189
3034
268
861
4821
279
4760
4115
3707
4662
4622
4488
2467
3465
2272
989
3979
1244
452
44
3408
3678
3418
2689
4740
3943
2635
4812
4100
1780
615
513
366
3900
4085
2409
3483
3986
671
4975
3247
158
2999
4664
2995
4013
3660
2025
3416
1774
481
59
1353
2796
740
1331
516
3193
818
2548
4276
2845
4537
3287
4716
592
3843
4985
171
175
4849
2592
1507
4198
3399
3116
3661
1920
4328
2709
4071
2542
3226
4596
1853
1686
233
4375
3663
4402
1938
1758
4872
344
856
4911
4175
4498
1076
4077
157
3815
4901
816
3787
2204
3975
2197
902
3733
543
2320
2629
2855
4143
3512
1321
814
1257
2996
2096
1600
2077
1306
4545
2966
41
3665
891
4712
999
3014
3338
4116
1246
1145
4141
963
3097
3425
4215
4599
4066
1908
3903
1831
3089
2323
3038
1047
2458
4208
90
594
4187
987
2843
3033
642
3996
798
1598
2395
2557
2419
3035
2053
177
3254
3957
1661
1495
3447
2038
3667
755
1297
4954
985
2945
2804
3679
4931
4869
4863
1981
4273
152
47
1220
3207
2556
1037
2171
4394
144
2811
317
3070
2486
2174
1142
4254
369
1106
1777
4595
3128
1237
2336
104
3674
2792
1108
3460
1529
617
1559
4619
2670
2631
131
426
4180
383
2719
4577
4995
2453
3071
3347
4299
2874
225
2978
3256
492
1209
736
1685
3412
3959
986
3268
304
1582
4714
37
3965
747
2122
1845
879
4201
843
2528
2833
4585
1539
4324
338
2102
3860
2923
1332
4400
3850
1548
2881
3112
1737
2287
1634
4758
3284
420
3481
4624
943
2130
3821
415
212
2749
303
4261
2337
214
123
3554
3087
2929
4087
1452
66
1369
4153
2300
3091
1779
1292
569
781
3433
472
4804
2302
3832
1871
4437
4699
2075
1232
2893
1742
1594
2602
2480
3159
1885
4918
622
3221
3032
4823
2462
973
1384
841
4369
1566
1502
3786
827
419
2225
1933
1305
4673
2986
4031
3012
3491
4338
467
2012
2311
3951
850
1524
1226
3475
2044
4962
2326
4190
1184
1671
2727
2754
4376
1707
376
4229
2813
1611
1571
4412
2454
2321
68
1322
1543
3720
3363
295
3300
1204
1884
3727
6
3918
3121
4943
4752
958
667
1960
2125
4012
2527
2447
748
3307
1794
2567
4316
665
4463
768
3168
435
1188
4347
806
4773
1958
404
3133
4669
1354
2405
3847
1171
4831
3451
1250
4110
560
52
1033
3846
4701
2914
4841
4366
1864
802
3134
1883
4125
2353
2536
1823
165
977
1035
4672
1784
222
2254
305
4834
1338
3864
4253
399
3886
3472
3042
1429
312
3319
4096
763
1294
460
4856
3529
4589
3233
1075
4709
2932
658
3079
1984
239
4570
2768
373
2903
455
3046
2021
179
1969
1914
3501
1888
4131
3616
2344
1230
2054
3051
1320
1805
2159
4763
3565
2083
3966
4471
367
1877
3030
2524
2835
1560
949
1454
232
306
1472
4194
4980
1439
3600
1377
1545
831
180
2349
4816
4937
2288
3346
4053
4887
4248
2198
1918
1588
1796
3950
3958
3328
4560
1953
4691
2497
2194
1944
874
1098
3797
503
2078
3039
3849
2457
4245
2921
4501
4468
3511
1940
316
1662
1738
1757
3420
3570
3899
761
1307
3613
1526
4548
936
2547
4729
996
3109
1195
1980
3502
3208
4333
1308
2865
4191
3781
2611
4425
4352
2449
3696
3614
1031
4536
2510
3954
2586
2742
3470
219
1579
4274
2104
3888
992
2261
3779
3548
238
3267
4646
1136
2411
1424
3648
2827
584
1975
2915
4567
712
3581
54
293
719
535
4337
1207
1420
4706
3317
290
1336
3184
2306
907
3700
482
689
4341
2070
3816
2037
2199
4870
254
4373
3763
2604
684
860
1007
3640
990
1319
3935
2909
2711
1040
1466
308
4892
4625
3737
2584
1267
221
4464
4475
1253
2956
756
398
1311
3933
22
3890
1731
1776
4158
3122
1964
425
2362
287
2019
2262
3804
1437
2671
4564
4799
1414
2163
1245
2156
2905
918
1396
2011
863
3076
4854
3877
523
277
3729
1966
113
3201
900
1916
4036
1740
4886
3927
2540
1404
3437
888
3624
3977
56
800
95
1786
1952
3266
3486
2127
45
3410
4928
1898
2572
4211
2993
3567
578
4165
4991
1399
2664
1760
216
2763
4563
2407
1701
2363
4140
2511
2080
4321
470
3794
3598
3203
493
3438
3670
4312
2119
2776
1832
3356
4651
2046
2918
3372
4772
619
4073
4484
3962
2983
565
269
4168
1394
167
4953
2278
1140
1061
787
3587
1370
2624
4164
2400
4912
4441
4666
3868
1078
3839
3100
2464
3534
3681
1036
3538
1880
664
1496
912
2027
4967
2707
1630
2877
164
754
3358
1485
124
3104
931
4151
2145
554
4453
2717
2938
1256
978
4029
2984
3019
4857
4360
967
3992
2006
1152
2619
2033
4196
3196
2456
2617
4139
3828
1233
3689
1736
4922
2246
4182
2148
1583
1847
2625
4997
2428
4852
2049
342
1346
2157
2004
1756
3183
817
1627
2251
1818
4757
2222
1903
1519
1574
3257
3734
1806
2191
604
3476
3716
631
4994
4217
636
4783
1698
4480
2634
2692
2150
2578
4700
3320
2758
3029
3450
4004
1840
3326
4828
255
389
4326
2560
1554
4642
1024
1461
3540
1335
2358
3231
1950
1797
3374
4555
1156
2702
551
3866
889
4900
869
4232
3691
2558
262
3969
1817
4572
3473
198
3588
4825
256
1056
790
2296
2924
2069
1442
4114
2370
4919
1939
832
3601
4728
490
1925
2673
884
129
4267
2055
381
4518
2935
4859
1072
1314
4287
3773
2160
352
87
2186
2389
2123
4657
1134
4802
3826
1167
1830
1025
2396
2544
1284
4703
4335
2023
3856
1436
2840
2714
1397
4214
3506
2112
1151
3141
4581
3872
3760
3889
1455
2205
3180
409
1045
3524
3315
1127
799
1720
154
3206
117
69
3341
4058
4490
1016
1592
4932
3390
4336
1935
3273
3321
805
468
2614
3785
1457
4323
4374
4500
3164
2413
1857
2862
357
4068
735
2875
3166
1922
417
1100
2667
1405
4722
1252
3444
3822
2782
628
2654
499
3657
4811
4207
4890
3230
1991
2740
1288
3988
380
403
432
2960
1116
2474
3494
612
309
2223
4067
4588
3013
1277
3244
395
1203
2483
1196
1728
3417
3639
1219
4022
1691
4136
462
2169
651
4145
3371
2974
1361
4578
2135
547
3775
998
1723
477
2829
2240
2293
1509
1197
188
3466
4008
795
2685
3219
159
3357
2810
3776
2523
1838
2757
2930
3271
441
4733
4399
4084
975
2661
1443
2972
1553
1174
3299
4265
1873
922
1358
433
621
577
1725
3329
4149
3081
3542
454
3295
1900
4721
2220
168
402
2247
3002
2368
1391
948
2215
2613
4093
4395
35
1863
3993
4197
3761
2477
3005
4640
370
3296
3262
2730
836
944
521
2991
4421
558
1318
559
4571
307
881
983
1629
1910
2185
1816
1381
4924
2501
364
1467
544
4628
1149
1266
4106
2386
892
4803
361
4081
4256
434
2594
1732
2603
3401
3145
149
3503
2965
2987
2971
2487
195
552
1070
4775
2172
4921
4725
3453
63
4580
618
1193
148
1590
3747
14
4123
734
1435
112
1415
176
3580
2041
829
4822
1105
2165
1228
4741
2731
1018
3056
1650
2842
2895
2721
1434
83
2183
3171
4656
778
1488
2280
1807
2107
508
857
1580
4927
1523
322
3250
1392
730
91
3253
2648
2994
4776
2940
4247
4016
1644
997
3392
4272
2985
2438
3919
4976
2610
706
3906
1748
2724
898
2051
1951
2882
4370
4185
2774
1155
2769
4098
3753
2376
1372
1608
2084
1655
1729
3852
278
4584
4393
271
3630
4989
2997
76
411
2925
2284
2445
2476
2391
28
101
356
2953
3635
51
993
1243
2423
2257
4028
4177
2471
4781
2266
228
4021
127
2807
2009
4203
2208
606
412
3049
4675
1783
3123
4839
3607
3377
3009
502
2876
797
585
2701
3018
343
4519
224
1313
1055
162
2259
1341
1800
4960
873
2152
1565
3558
2516
1899
444
4754
4542
3195
694
145
3098
3061
3960
4284
1212
2785
3488
4647
2461
2908
2698
2328
3082
1919
1312
1949
1564
2565
2533
4683
1955
286
3539
1367
3023
1498
2690
2504
2142
1241
335
623
2518
3983
1239
199
2364
1242
533
479
4817
3497
2616
811
202
579
4450
1587
674
791
2627
2377
2466
3322
2285
4788
3150
2644
325
4652
1665
3330
675
2433
4742
1089
2663
773
4658
4847
2248
3227
1119
3085
1111
1181
3485
3445
397
3740
2934
4246
4768
4868
3192
2669
3140
424
764
2818
4665
2319
1473
2615
136
3827
4850
163
18
727
1275
4898
3568
10
246
2920
1298
2128
2499
1635
3277
3629
86
3932
274
3633
2059
3844
1347
1383
1413
2442
4091
4432
4677
336
2656
1682
3953
3577
3976
927
2539
118
3603
3457
2550
3931
2897
4385
406
4732
3805
2853
3169
3528
3490
4244
2699
1962
962
2378
4778
1632
2825
2332
3297
512
182
3310
4959
3441
2728
2793
2599
2216
4292
650
599
1874
3480
4178
4926
3980
451
1995
3555
1490
2255
2870
679
2597
1849
2561
4097
2489
1342
782
4350
2212
4339
3991
2050
1009
2955
4390
1540
1905
2559
1812
4865
4840
1941
3510
1870
3075
161
1206
4551
1368
3350
122
834
65
4814
3436
346
267
3426
2608
3769
2245
4891
1202
3499
2008
2440
2590
842
4575
2295
1423
1374
1813
1789
2998
3398
97
2334
119
4025
4607
4238
474
4405
3340
297
2258
4603
821
423
2800
3429
1854
4440
3114
2388
3058
1430
3887
2649
1017
4128
3770
3492
4331
2139
1561
1827
2632
2265
2607
2678
1497
669
4893
4314
2182
1352
3706
1258
1902
2108
4586
4592
3094
3746
1673
2147
4530
2017
1483
2339
3242
3575
2429
3793
1762
815
3831
1301
4391
2014
1791
1371
1491
2879
473
2569
4593
2146
2823
4743
686
4134
3956
4678
982
3224
4861
2783
3375
2739
3188
4684
1094
3331
2990
3240
23
390
4209
4614
2315
3080
3739
729
330
2177
2058
3344
3744
1132
4117
3004
192
3455
151
384
3158
3995
4726
3762
1023
3448
643
1695
7
310
2384
3387
251
3209
1251
4836
2117
4881
4426
401
920
3228
1438
89
2942
458
2086
1187
4627
3946
3803
486
3302
4049
1754
3658
4118
4723
3615
511
1752
3069
3064
4491
375
4162
2496
4685
2812
4017
4556
1083
1046
3204
4474
1390
27
4289
4810
1077
2292
363
3604
1626
60
3456
1493
71
3072
3859
3719
2090
3215
4424
1868
1065
4154
915
780
500
3759
142
4183
704
4769
4218
994
3286
3063
1989
3099
313
2680
4358
1503
4695
1637
505
723
1965
1567
3102
4086
2799
2756
2110
1641
1157
1071
3290
3117
2492
2418
4853
2062
4291
3867
4562
3292
3531
3929
2082
2244
1356
3380
2406
2849
1189
1860
3186
2238
2894
3516
4092
2952
1382
3505
318
1556
84
3662
31
3861
3249
9
1093
1088
4308
849
4454
2230
1755
3543
4176
2439
2582
4411
3017
633
1261
4605
3362
1726
3783
4906
3982
4269
3146
557
3795
3637
1101
3904
2830
3103
3876
947
3656
4514
2591
4055
484
2519
2931
4750
3939
661
2484
1265
4311
2274
4057
2180
2036
4205
1200
3424
769
838
4069
4889
2301
4982
4040
1278
1215
178
3275
456
1712
1956
3653
3643
489
2264
3288
4210
2512
3557
2770
4509
4936
2111
1005
700
3053
708
4508
666
2420
4826
3591
2848
3446
745
4112
4434
2901
4908
1112
4170
625
4225
1528
2490
4606
904
4535
4504
1802
1546
2706
1674
4381
4159
2088
2297
3031
608
1578
3179
3703
2398
1325
1448
2214
4697
4295
2509
2356
1280
125
759
3110
3327
4528
1790
1350
4007
1324
3198
1340
3301
1441
1103
237
4655
2387
2252
917
3318
2187
94
1433
4371
296
1482
1992
2144
1038
2780
2554
3175
3961
2210
2402
3200
2573
1657
2764
2234
3467
4547
3378
2525
2002
1289
4663
885
1602
3045
1775
602
3383
1273
1006
3545
4002
2949
427
3551
2229
4240
1913
3834
2289
2390
4632
2047
208
546
3057
971
407
382
4171
4978
4462
4079
3833
3811
1977
1614
4046
1967
645
4234
899
2032
1376
2231
4641
1700
1494
3597
3701
3518
2095
4255
738
3800
337
1537
659
2360
4525
2249
4707
4648
292
2752
3857
4270
2340
2791
2116
3789
2427
777
186
1295
3989
4130
1542
4034
4039
2927
1676
3934
3143
974
762
1937
1337
1924
1427
3381
2944
2891
2431
459
4237
3523
4805
3263
1231
1269
1400
2555
4796
1422
956
3913
3106
2636
2028
3768
4930
4992
1971
2158
2989
266
3059
172
890
4690
1317
2189
930
2211
1416
2329
299
1131
3788
4420
1090
2537
668
1772
4396
2801
2566
4035
3162
2628
1067
3865
678
2279
1679
2103
3067
607
3442
4591
2196
116
110
2959
240
662
1681
438
2789
2530
663
21
2570
1535
3936
3622
2741
789
4243
2695
4734
3293
776
2357
2452
3434
2839
4157
197
2919
1846
2468
218
1605
3459
539
50
749
4353
3367
100
1014
1824
1828
1109
1990
3507
1745
2579
1658
2308
285
263
204
1530
1850
5000
321
155
1428
988
4075
2898
1223
1128
1597
1476
1059
3921
4496
810
4785
1516
2729
3385
2092
2372
804
1621
1003
4487
3870
1121
1249
2106
1931
3914
4867
4330
3652
906
1484
393
4794
1214
2871
2304
2481
3365
4764
1388
2450
2775
803
329
2043
581
1867
844
4003
1753
657
3409
294
919
4074
2233
3337
932
1107
1970
737
40
2665
4000
442
3223
2734
2381
1809
4795
3131
4620
4422
3611
4367
1091
4404
969
964
2831
2168
1052
2809
3303
4719
1359
2765
4108
2552
1048
4455
2393
11
4427
414
646
2061
640
2517
1514
2541
2968
714
4597
4494
945
4227
3569
3027
4629
4467
1788
2806
4233
2645
1286
257
1074
995
4452
64
3561
2478
4913
3218
3855
3926
4382
4042
870
126
339
3891
1478
4874
3026
2588
4590
1878
4696
3411
2526
1733
4819
3136
3749
2178
4616
4877
2039
4043
4138
3533
1339
3
2277
2675
4063
1329
537
2718
1618
1168
2828
504
3593
0
3596
1460
1316
4318
4598
4047
4249
1735
3366
1973
2600
2114
3973
830
4623
4972
4779
2732
3937
4456
1426
1262
2470
1947
2508
3711
133
495
2687
1021
1538
4909
2642
3368
2522
672
528
2598
4386
3160
690
1064
937
3229
1889
2647
4966
3625
3949
1928
4032
2057
2042
976
4557
4748
1881
4482
702
4262
3355
4297
4746
4354
823
3609
4618
378
1328
4206
3590
4135
2866
236
1073
300
880
4064
812
4349
4155
770
914
1814
99
2412
184
2155
2697
1327
3335
1170
2129
933
3010
4676
170
2179
2515
2834
3655
475
4745
2926
3095
1511
2448
4705
4307
1084
1872
895
3710
4770
4193
341
3389
1255
4541
3990
4407
3812
1139
3314
576
4902
4635
3778
1419
752
3323
4090
3514
3730
877
2643
2113
2575
3400
4443
3044
4899
1411
4236
1270
4202
2066
923
2485
1395
4671
2005
1205
3585
2817
3313
4023
2521
1425
4224
3767
4377
3777
545
1247
3884
4469
2269
4107
422
2437
96
4133
1747
447
4306
3022
732
3172
1946
85
531
1778
1468
4925
215
1693
1389
1069
858
1164
1934
601
4884
4791
4693
298
209
2048
2347
2543
3360
3078
951
4378
1659
2867
1010
2967
3721
953
2162
627
3077
3354
725
1746
3413
614
4600
4704
147
1238
1936
3963
3270
1451
272
929
4506
3261
846
1208
2161
4078
3764
103
4458
2359
1447
1041
903
1518
876
3947
4137
4737
4189
909
3621
3352
1216
4829
2422
2224
4127
3869
340
3672
2760
1169
1194
1474
2342
2889
2947
3997
1781
4638
793
281
4083
374
4334
1417
4879
4602
4762
2856
1160
4626
3851
3897
353
4587
1573
4766
1517
3493
4006
132
1647
1254
3260
3148
2571
1163
1118
3718
3430
4204
2786
3745
2105
1855
1085
3818
3645
809
4290
1897
4529
1086
130
4368
2621
1619
1475
2502
4101
3819
4410
1623
4361
3798
4497
3421
2744
2173
450
1380
1126
3190
3246
2850
1703
2007
629
3742
2026
1631
1095
2563
1759
1028
1654
3351
1848
187
4692
2957
785
1450
3714
213
4472
3016
4160
1996
2917
610
4403
4940
1765
697
4751
3941
1986
1852
2922
77
3298
284
4558
461
3349
354
4005
4679
3595
3040
2343
3738
323
731
2577
2708
3835
910
105
2416
4844
2712
2562
1549
1161
2137
4798
4634
2232
3752
2291
1584
2937
1533
637
2181
2746
2256
2658
3952
2465
194
2153
4681
4030
4986
1459
2902
4512
4974
2892
695
1378
867
191
1282
49
742
1570
4099
1022
3386
3902
3388
4955
3853
4882
765
1616
4173
3698
2432
2494
2441
469
3090
2722
2276
109
446
3862
1355
4320
1431
4938
698
685
1248
137
3084
2267
1773
4020
30
4983
2933
4682
3234
4774
925
2030
1615
1407
3359
1782
2435
3007
371
3269
4661
1811
2426
771
4970
588
140
3863
1948
1222
4431
46
2361
3149
635
1143
1172
2184
4457
36
4688
3243
4309
4379
2013
1638
1612
3573
703
3838
1563
1861
4442
4219
185
1945
871
1547
3211
4747
4876
436
4923
4680
2227
160
465
34
3083
223
1330
4435
1677
3553
926
2626
3130
200
4144
2350
1724
2688
3478
331
1449
2253
4416
4549
3702
440
1446
4062
3495
3536
2430
3547
2444
2195
3163
1310
3127
252
2318
4538
2200
3930
852
48
1487
2352
201
1300
4735
960
4186
2743
532
4759
3011
864
3987
1173
4694
1978
1130
2668
583
3858
2549
311
476
4380
3909
3239
3060
507
1515
1135
2241
385
3353
3248
88
1675
1909
3237
2016
2618
638
786
3111
4515
3910
53
1175
2535
3527
4485
2910
4838
1625
2237
1680
2652
2366
2568
3693
3955
4122
1717
1224
3704
2132
2085
1373
4103
4436
935
1710
3185
4305
226
4132
2365
563
4637
1651
1345
4351
3766
835
3810
3619
2126
4878
693
597
3895
2097
4304
3181
4027
2623
2820
2202
2424
234
648
616
3881
4438
883
772
2638
3415
3837
4301
2001
1191
2803
2034
315
2072
2170
4862
2844
1068
2585
1572
4939
3124
2676
1004
687
526
1653
2193
3680
1326
1463
4213
710
739
4383
1236
1761
3339
4860
600
794
603
2079
4818
4904
1060
2911
4109
519
2710
439
1525
1115
4990
3199
613
1117
2703
655
3086
1403
3938
2686
2587
4875
928
862
4281
4120
515
2029
4993
4513
2305
1911
2281
1432
1609
408
3901
2975
2704
1001
1304
4417
1988
3259
3170
1688
3627
25
676
1768
4524
2808
1601
2795
2633
783
4687
1803
3687
1892
4520
4617
1798
4166
699
2459
875
2022
448
4649
1166
3726
1972
1699
4121
3161
1015
3373
1453
3519
3361
2317
3617
3477
242
4095
207
3732
567
4045
4969
4984
3522
4447
3474
4473
62
4659
2943
3840
2963
4527
169
1333
4388
1741
4820
1211
3088
2580
220
17
2408
751
4470
2192
1291
2747
1521
4800
2630
4895
2646
2873
1702
141
2868
4944
1099
1640
1302
324
1994
3722
4216
1839
3751
1092
4465
4643
1649
457
4279
3152
2677
2606
1387
2503
230
2863
1983
2451
2553
1963
73
3618
3125
1469
2335
4266
4610
1943
4317
3571
788
524
1234
1192
3544
813
413
400
775
276
1057
2733
3878
692
750
1532
4951
4771
2912
2691
2612
2436
1664
1293
4283
4934
4104
258
1032
3407
3634
4258
859
1113
1274
851
78
1102
753
2622
2003
1926
3334
2087
1829
4615
2506
1138
4051
3968
3343
3404
688
1360
3167
3560
3194
196
1506
3245
950
2417
580
1029
2327
3391
2000
1876
3394
1801
591
4359
3154
905
243
4631
345
3842
4987
3376
4340
2779
2270
1210
3311
4486
3000
4070
82
2805
1334
3092
3187
3449
2605
4503
596
3799
2778
514
156
872
1299
93
2738
4724
1199
4362
701
107
4948
3222
2682
2723
4611
4910
3101
534
2298
2976
3699
3562
2348
327
3945
1751
114
2896
2124
3771
2235
2777
653
3690
2221
2060
1263
3052
1749
767
3841
1844
491
4392
3151
561
3772
4945
1185
720
2228
2410
1097
2260
2093
3574
1982
1510
4038
3675
3210
3782
3432
1672
3922
2832
4169
4363
4613
1154
609
3050
3379
3829
1264
1534
20
536
2236
595
332
4998
3830
2294
1690
691
4413
3790
4848
2962
3280
2397
4554
2639
3845
2883
2666
586
1375
2745
826
1349
501
2064
1225
19
4250
235
1987
4179
1906
4935
4636
590
4072
4251
3972
4212
2595
1645
1096
1923
4973
3156
1875
541
4894
4200
229
2031
2275
893
2052
2988
2081
1393
1893
3970
2201
1865
845
2620
3649
1458
205
2331
2394
624
2790
1362
1793
3631
1555
245
4608
575
4327
4941
478
1180
3743
2824
833
2207
3925
4478
4753
3692
43
3312
4916
2209
894
3920
1869
1271
2576
3994
825
4815
1769
4303
4259
2766
2980
3758
4419
4150
3113
1795
2951
3025
2134
573
1110
4942
3924
3940
1997
4851
4142
1550
3728
808
2736
1593
2753
3369
1114
4793
4833
2841
1596
2385
3431
2188
3520
2206
3066
3694
410
1504
4499
4415
3566
2781
1764
3638
4630
3530
1606
2640
3594
3048
288
1531
593
2316
1
1692
934
3037
3487
3808
4639
1104
1859
1894
3916
3235
1851
1932
4056
4105
2861
2674
1122
1581
2067
3824
2694
3942
3055
4356
3875
3664
3427
1456
1820
2310
2286
1915
972
517
2
3697
4459
2641
2446
4565
520
4843
4914
2045
1842
1708
1667
2239
3147
3736
4241
1260
3796
32
4553
464
4744
4460
4653
333
2651
4807
4230
1643
1887
3836
1585
3096
3748
3241
1512
1153
865
2798
4809
2887
4199
2884
2869
839
429
1137
4521
3882
3036
3003
2076
4604
3974
2726
2399
72
4713
3142
1508
4731
4277
913
2958
4761
1492
3414
2735
4223
1787
4576
4667
3294
3807
4835
1895
1477
485
3220
946
1462
1979
4294
3559
3641
820
430
70
4832
3435
4495
247
2109
824
696
102
4830
1660
4552
1617
3584
2928
2219
4406
3848
3406
1785
1129
940
970
1283
421
1636
3119
3647
3115
392
1385
3712
3304
4947
4689
2899
3370
1821
4550
1505
4479
1409
3623
2860
2794
1961
598
2421
3814
2946
1628
2872
758
387
4061
1357
1020
3504
394
3461
3120
3572
2564
582
908
2857
965
2593
4080
280
4929
4364
2907
680
4907
2545
3806
548
2374
1652
2772
3880
1604
3646
4539
3723
181
302
4797
626
4523
1901
4239
2282
3705
365
807
273
3272
244
822
3608
4418
1669
916
1050
3191
3135
2574
386
4787
3650
2475
3137
3717
3971
3212
359
1179
896
4389
4329
3305
4268
2498
4601
3139
1489
4089
3384
4717
351
3754
660
2371
4543
314
605
1087
3332
2330
428
955
3579
3765
2858
4408
4466
2472
1165
4574
4010
3464
146
4050
1027
1917
2035
2906
3944
1365
1896
453
1499
3279
1591
4846
1158
4344
4481
525
630
4896
1141
886
350
4161
1595
1198
3999
1044
4315
1144
2136
2788
1182
2846
2838
250
3008
3202
4476
2167
3283
1268
1479
4398
4897
2662
741
3498
2802
259
39
4885
979
3468
766
3537
4866
2534
1834
471
3556
968
1929
724
4445
1183
3626
4285
1656
1034
2479
4037
260
2383
984
3463
632
488
291
4094
1704
3252
1042
1766
2771
4789
3599
3583
921
3636
3825
4111
29
1792
3216
2073
3213
2495
2551
4242
1013
4582
360
3153
716
571
206
2074
4996
2203
1713
3756
445
980
2762
1974
2904
217
854
139
4505
2063
3582
210
1133
4174
2071
4041
3454
529
2068
3923
1527
2218
644
4449
1124
673
1285
2273
4052
683
2939
3325
2581
4749
1985
4342
3068
4302
3336
4511
3981
3668
3628
3173
1279
4345
1386
4546
2242
2672
1739
553
1678
2961
2175
2878
634
3948
4423
1648
942
2338
4946
4011
2836
1687
4670
589
1049
4568
4845
480
1562
717
4977
4686
3073
4152
3894
3189
2683
1613
2404
4698
3813
388
1054
1186
4409
641
4517
1002
2401
1589
190
639
3001
853
4905
4387
1843
550
4583
1610
1536
4026
372
4702
2190
3515
4668
4765
4296
4014
3602
1833
2696
3632
4715
4167
3452
4964
2725
1146
3342
3801
1705
3532
4813
2443
1727
24
4439
2341
1837
1287
3911
1544
2425
1315
1401
2250
1957
1968
4448
203
3024
4252
4444
4917
3592
1930
2705
1190
2851
681
3610
728
416
1694
587
3669
4286
715
733
1343
1522
868
2773
1822
897
2822
4612
42
4720
2392
2969
2140
4756
4430
1912
3784
3879
3006
2681
4888
1162
2821
2290
348
4264
2268
1465
1218
3563
1633
3396
2455
270
497
3578
3382
3654
743
4372
3526
1904
3964
134
106
1722
562
4526
1444
2100
4561
2131
2414
4621
3817
570
4864
1221
3274
2609
418
2473
1366
15
3686
722
4397
4009
1568
2488
3809
510
941
3620
1082
2505
1176
4280
4650
828
1552
1408
4566
193
3439
4
564
509
1125
1891
2950
1879
2715
1323
4736
2493
2916
3892
611
4235
3264
3138
1808
2500
75
1480
4477
3695
3364
2373
4968
2751
326
2120
1639
1858
3197
542
282
3521
726
1039
1767
952
4873
4780
3345
556
2885
3713
506
2379
1666
957
3873
3043
1718
3484
1213
2226
227
4222
3871
1344
1836
3041
4195
4172
866
847
4148
3893
1440
3074
2659
2679
3564
1227
1586
128
2837
3984
4956
3644
2761
4024
1927
349
79
173
