138
212
435
34
118
322
144
357
24
19
72
244
83
170
352
42
404
271
113
7
412
173
475
258
253
162
231
413
498
240
254
398
456
197
93
370
479
84
23
98
492
483
362
286
313
347
67
329
393
88
130
375
22
429
440
419
57
397
184
272
121
235
18
11
129
15
457
434
451
58
465
291
380
394
224
163
358
182
35
136
424
401
12
300
281
64
327
158
338
123
108
51
119
140
106
407
423
468
274
198
427
366
263
433
287
442
262
285
217
466
151
232
46
310
125
139
467
213
195
318
252
157
441
265
245
169
494
101
9
257
269
66
40
473
127
399
371
341
208
132
243
233
325
146
4
383
458
10
36
298
91
134
455
73
295
334
408
499
14
301
59
485
5
364
337
205
373
406
222
90
156
363
148
333
89
214
340
153
276
238
354
284
376
165
389
137
487
180
459
234
68
283
472
242
112
1
220
344
346
486
460
378
97
70
312
275
477
78
493
305
21
446
171
20
377
230
462
448
415
437
16
142
194
28
303
420
209
369
474
229
282
131
476
314
168
418
126
426
81
402
410
384
181
264
82
279
2
386
211
111
186
192
246
444
353
13
328
193
447
385
187
61
454
226
416
53
379
74
367
247
450
432
343
45
99
452
250
400
278
141
259
189
392
443
92
47
261
103
71
3
60
164
372
421
159
25
251
497
122
145
311
299
52
374
160
107
176
484
382
