607
382
641
485
356
805
696
782
127
187
786
247
201
912
376
113
77
553
965
676
887
384
580
630
975
418
692
590
350
268
939
361
695
845
289
427
433
789
358
983
613
521
80
537
405
632
831
78
13
269
300
315
349
803
738
563
549
957
903
27
704
340
380
355
15
322
419
332
945
600
265
136
480
321
844
697
299
988
169
601
700
499
121
4
313
660
753
100
712
285
691
701
875
790
309
828
914
919
747
492
997
778
10
374
179
422
670
573
923
861
837
431
838
538
316
395
735
236
865
68
550
890
272
781
183
296
491
654
841
909
507
248
850
779
724
990
732
453
370
882
814
642
99
446
212
524
907
443
544
177
45
633
960
325
519
935
290
972
305
26
56
671
638
758
624
450
260
144
509
291
275
934
438
894
160
459
312
373
455
728
520
556
74
643
46
488
50
386
367
429
635
625
714
206
611
496
620
394
950
274
581
854
228
775
218
156
571
59
608
94
173
926
165
263
793
652
795
899
722
409
577
138
863
270
592
357
197
598
832
30
470
531
720
584
980
323
479
432
393
597
711
709
330
529
255
794
221
723
713
621
921
226
487
346
294
161
210
995
213
769
868
301
445
65
784
217
258
725
253
812
759
280
473
852
971
649
106
554
266
474
365
774
102
55
954
869
146
220
706
703
70
858
777
849
884
214
352
920
669
122
682
281
259
329
205
514
493
897
482
403
614
95
86
562
17
235
567
11
740
133
442
595
886
98
599
344
799
688
500
918
545
612
559
288
494
802
760
930
320
665
79
552
940
49
569
628
616
0
776
398
223
35
354
132
504
246
745
532
772
437
578
234
653
60
178
257
430
898
870
279
885
993
152
678
876
476
982
462
343
468
460
335
657
351
34
862
104
189
53
411
238
336
241
318
424
648
871
533
216
787
539
81
406
523
158
71
823
339
334
142
63
229
801
284
998
840
767
490
381
282
827
742
750
137
541
602
623
568
734
101
736
731
324
645
809
631
826
765
655
698
311
853
503
331
551
679
946
593
804
264
297
239
456
353
674
936
609
441
757
111
497
452
634
413
824
378
249
770
463
176
273
421
974
293
857
164
42
605
931
626
404
390
58
48
673
292
407
478
287
522
41
225
941
565
171
317
964
629
454
619
561
150
232
527
622
944
125
959
20
672
191
124
192
498
880
911
185
91
534
661
755
37
689
244
147
307
751
873
119
999
461
428
400
680
511
558
783
83
733
366
359
267
627
515
687
872
904
916
97
640
180
947
570
506
151
658
89
836
426
103
303
440
465
250
606
589
859
855
708
157
726
667
471
856
991
371
737
237
666
190
825
966
308
762
839
444
341
227
369
508
962
283
866
572
467
123
961
727
867
302
978
707
364
153
710
662
88
596
938
528
36
908
447
66
576
134
513
618
435
744
2
716
951
40
927
905
33
879
449
848
639
333
820
659
977
193
256
699
117
436
948
821
327
754
129
448
807
583
705
148
54
243
889
555
67
6
458
276
62
540
47
417
14
295
730
360
979
141
126
466
262
819
892
423
994
84
922
219
949
615
811
402
199
416
771
347
702
75
813
582
1000
38
835
587
388
464
425
140
110
159
636
389
717
883
968
594
719
9
207
372
913
391
888
338
721
906
92
810
209
693
846
475
242
548
739
928
874
910
829
896
186
43
181
761
175
188
182
902
963
785
25
668
651
588
564
278
261
798
72
684
128
815
749
105
31
174
368
933
766
472
791
306
5
881
677
746
107
211
439
383
566
970
29
604
379
21
377
23
90
24
842
483
195
617
342
763
12
224
408
1
788
112
337
363
166
143
525
756
51
585
412
685
768
752
579
184
328
231
154
729
942
510
115
955
797
915
131
817
929
76
392
877
73
987
591
686
82
818
200
644
245
434
586
967
518
748
502
96
135
969
149
139
196
314
310
277
985
663
560
664
943
610
215
495
401
535
901
952
44
743
87
457
162
170
675
39
864
956
420
800
163
773
130
208
22
996
796
348
816
547
603
114
512
194
543
167
319
204
976
18
557
52
989
254
477
396
19
397
925
516
415
780
3
385
981
932
953
878
155
172
792
399
16
203
64
893
917
7
61
410
718
650
362
637
830
108
387
973
575
822
326
546
489
992
252
451
526
168
694
271
808
233
109
28
486
683
375
481
574
647
530
833
986
900
517
984
8
895
505
891
57
145
32
118
860
690
536
741
240
715
93
304
222
298
764
806
230
834
202
646
656
851
414
843
120
542
69
345
501
924
847
958
198
681
484
286
937
85
469
251
