8041
461
6996
7043
3162
645
1106
2101
5357
3252
6611
6830
8785
2678
1381
6262
2925
1882
6042
9582
6081
1207
8981
2458
7595
5378
5375
29
9618
7278
8535
1105
9549
2088
4240
2537
9932
8750
6673
1854
6242
7465
6195
7920
3600
2417
5809
1524
121
6
2577
938
2902
5585
8653
7834
5885
9173
1660
7919
9865
1811
6228
3983
9647
4476
5673
7359
8316
6967
810
9966
2475
2117
906
4284
7331
5781
7383
8572
3750
4661
6936
8418
4766
5447
5524
1337
9903
7697
2354
9212
158
1161
3302
2053
9396
1332
1132
1089
2547
9807
9490
1912
1903
1427
6991
2305
3604
6428
6743
399
8255
2588
2862
5507
6653
6003
6910
1408
8986
2206
6581
2645
10000
1516
5262
370
2468
598
701
1734
2860
3096
1411
831
6231
7283
4992
5779
4979
4113
6853
8233
3724
9574
6866
4215
4201
2086
3066
5888
8772
299
9509
7028
1314
1022
7949
9214
880
6467
6406
7882
9613
667
1725
2137
8092
4795
5030
8219
4115
5774
7202
9795
422
168
1659
8449
5187
6011
1358
6890
8781
3395
4165
2551
7989
871
7750
7666
6264
6863
6382
2336
3693
8424
8120
2756
5496
501
4585
7575
110
5034
3248
5174
2278
4324
3224
9934
7520
9428
5567
9121
45
7323
418
9793
8423
495
5801
3294
2830
9011
8933
1467
4032
5251
7377
2033
7441
7611
2846
5349
2894
3940
9752
3810
6601
8090
1623
4733
4740
2207
9684
9208
9383
7774
5526
7943
6631
2774
8081
3279
6626
9902
6681
444
7170
5979
847
4957
9655
885
6460
415
1324
9018
4921
4525
8813
8766
5892
6139
3526
7659
1887
1503
683
3977
9922
4249
2335
2509
9772
6870
8066
3053
2917
6698
8866
8669
1265
6960
4481
4777
5568
5632
9937
9583
2429
7176
7433
5971
944
5308
1764
5857
6919
2524
3799
7854
8440
3552
6209
4479
6902
2195
126
1679
3123
7637
6629
7996
470
7967
6738
8411
921
5288
5162
9397
8819
4734
405
8200
1587
4163
2908
4621
3091
2428
6065
4683
7284
7282
6445
6518
1980
1925
2880
729
2285
8815
8148
869
6857
5512
3451
4995
4758
9779
4102
9344
7042
4409
3819
6061
1542
6372
2461
8127
4924
9017
3457
9686
1507
7914
9788
2785
1118
9524
6598
6717
236
8147
8631
7554
9502
4230
3619
982
6402
7867
6276
4982
3849
7364
9563
3966
7080
1650
8117
5523
2635
609
8512
4394
9674
3311
6542
1619
9844
2923
4991
7372
6884
6515
3828
7448
8467
3478
6224
1630
7600
3997
1821
904
9923
877
9997
1364
544
1122
127
3048
5207
5233
6809
9144
341
4573
551
3858
2030
1066
6058
905
8821
618
4332
3629
6961
9068
7038
940
8825
7246
9376
3305
4146
1164
1088
7810
338
5002
1267
4022
8174
8492
3434
8289
7948
4760
1916
3477
791
6816
5533
6840
1769
7105
7844
7070
4359
8425
4290
8883
7704
2731
5172
363
5221
9483
2183
6749
9551
6985
268
9446
1690
5876
1415
2077
3640
8873
3196
9931
4788
8767
6517
5955
8176
3214
7782
6574
2420
6937
7564
6086
7026
1257
6947
2145
7436
5425
3486
6013
7460
5474
9171
4561
3624
9256
3951
690
9983
5004
6579
2933
6640
1889
7839
465
5050
3433
8342
6911
1880
3923
4794
7177
520
8403
6023
1760
4173
6136
4850
229
7819
4917
1355
6378
6077
7690
6137
5837
4797
7517
2686
9599
5501
39
8332
6363
3271
9469
6744
4066
8473
870
6117
8602
9015
8213
2361
4685
3880
509
1391
105
3136
7604
9501
3132
2528
785
4530
4003
2212
2720
2605
1211
1518
7589
5173
4546
9231
7505
3848
3867
1288
2878
6122
6968
2727
6474
623
1853
3557
2806
4158
326
5225
2819
1469
8638
9777
3062
4816
318
9839
2190
5792
8168
4342
7451
8464
3682
6815
2662
760
1930
2178
4088
5318
4485
3041
7687
4384
2438
4743
7616
7139
4647
2522
1053
4403
8585
192
6409
2606
1745
8328
3446
6547
2991
8099
4208
9305
6591
1128
9386
9354
1532
7873
2348
1146
2626
5975
9402
4330
6074
825
1183
3635
7872
954
2094
5560
9556
4908
3117
5890
3052
4727
3641
5388
6014
6630
1718
7890
8621
2388
6812
2434
9809
1443
2098
2679
1680
1393
8707
6010
1878
1577
4644
7631
5611
2716
7037
5119
8136
4439
8227
4460
6390
7606
907
7902
7778
1024
5665
4862
9416
2356
486
2508
5186
8437
26
94
1123
6225
8974
2321
7807
2516
3838
8098
1779
1233
1158
7084
7009
9518
3541
5705
6982
5324
6349
5081
4820
9349
9319
1342
9672
8036
7262
4227
8475
6739
4786
7425
9943
20
5446
4006
7953
4053
3312
1129
140
8365
6232
7261
9737
1388
3216
9541
2343
8748
7698
6443
4526
6295
5687
775
6688
5180
8736
1519
3277
5848
256
7312
1374
4793
7149
6538
3525
1480
6498
6671
1777
7134
9170
7424
2139
4434
2501
1996
9775
1737
4180
6050
6540
6073
4222
2159
4993
4569
8064
2449
2893
8879
4753
5796
15
7795
2789
5531
2673
4834
237
5588
7082
1117
1766
3030
5197
8637
3192
9628
2284
3879
9429
6950
1975
3568
98
2345
4539
1218
3394
5927
8191
6702
6505
998
5000
3936
684
7771
7896
8194
7089
9840
6657
2205
4202
7107
2688
59
4069
5658
1706
4483
5476
7369
6843
2412
6230
7904
5761
8323
5681
1611
5914
6930
2787
8208
7577
4446
3014
1250
3092
8186
1834
8024
9562
1386
1004
7745
4673
643
4106
7153
7239
3151
4961
3705
4441
5843
3860
4055
9439
6016
7292
1575
8994
1307
8549
5657
7936
9859
7871
7003
302
8829
5559
9957
1124
5335
4865
4450
7728
8166
8853
5841
715
8754
966
5661
1712
6521
1237
3416
2693
994
7236
3506
942
9202
9016
7447
7736
5710
9663
2587
9929
6278
4246
6367
8575
2744
3999
9755
8868
7268
6720
2823
2593
432
5706
772
2784
776
2497
9643
2952
8008
1969
5437
9910
8116
9612
7274
92
9076
8033
9253
4544
5986
8601
6185
1369
5239
751
3447
962
9350
8093
6905
514
5260
1510
50
8393
3482
6127
2204
1079
2273
5170
4440
6298
9351
6558
8044
1420
9886
7469
2061
594
7434
529
6234
7908
124
1783
2670
8340
3234
1445
9307
7725
2709
748
3339
4670
7477
9137
1709
3529
627
6154
9861
841
9617
5316
8854
2813
6015
1944
7143
9388
8540
1236
1937
4239
8541
4238
7612
1502
2400
4789
5901
4543
7861
8455
2494
5429
257
6644
9854
9456
2970
2550
781
7823
3461
4826
7661
7558
1625
2383
3679
1302
9022
3456
9543
4944
5064
6565
3355
2963
7699
4103
1459
4309
7159
7186
1941
8891
2025
750
2175
9659
4899
6241
920
91
7001
3558
7824
9746
7876
1830
974
1791
4690
9142
5457
13
3392
1758
850
1232
7025
9960
5508
2705
5299
2747
8892
4077
3712
6893
5807
4191
2320
4355
6257
7845
9026
9085
4011
5570
4528
6753
890
6805
9201
324
523
4916
1268
7713
9323
4421
4884
2622
579
8076
4337
2689
6360
2246
1309
7206
9673
642
7350
7787
2644
308
3105
7830
9134
1801
1576
4371
5542
6981
3093
7228
17
613
8226
2012
9591
1501
1835
7673
241
2796
5817
8610
8652
6486
6664
7665
4956
9049
5336
3441
6831
4478
9242
8773
5383
9220
7662
5813
4667
9346
5784
3680
5775
5851
4470
6405
9730
2172
5756
9817
1246
7184
5052
8404
436
8295
7963
5419
5011
5353
3186
592
4049
8377
1091
7993
5102
8156
9721
1950
1363
1936
5797
7005
6222
6999
172
2092
5996
9843
3876
1036
3859
3281
5586
4010
4557
727
2228
620
5489
7446
3704
4087
8187
8747
4232
4925
4657
5370
5240
3143
3516
6019
2704
1496
8942
799
3598
2426
5398
9392
6722
929
9761
4645
8107
778
1461
3380
8971
5582
9359
7125
9245
6563
4427
3175
1891
437
469
2330
1109
1152
57
1100
1997
5183
129
3508
3310
6274
4620
4031
1971
2308
163
6105
6504
4951
2056
8269
6555
2905
8466
3322
9278
9047
9584
4262
3673
2943
9754
2063
5644
7906
7332
460
6616
7785
5390
6249
539
6304
7320
3047
5515
9864
2188
5717
3399
5678
5133
272
5545
1837
8498
3419
5700
6387
3449
9378
865
9118
484
5426
6533
9690
2814
2984
7476
9193
1466
7229
2607
1585
1251
6379
2214
4458
7664
2833
5389
1893
8381
2381
6818
8619
9608
3502
4358
9240
4382
4792
3545
6655
4666
3412
9184
7413
6346
4849
4109
1423
1176
5199
2782
5750
3606
1384
7512
8385
6763
5942
3390
6741
695
9900
5758
3660
7336
2450
7374
7783
3428
8111
575
6055
2155
2140
4963
6779
7131
2286
1387
1321
1045
1453
2715
160
5321
5853
8084
6039
9718
4043
3921
1790
4675
2867
8389
1271
2424
6529
5013
7645
1051
4317
6389
8959
658
7243
7763
5304
8547
5057
4052
1487
2743
7730
1911
6270
4144
3984
3845
2392
3564
1682
328
4880
1857
4197
8729
9221
9004
3350
7584
8655
8702
9399
3040
5028
2618
9980
530
7378
6861
5473
5643
7416
2223
2581
2872
6987
6526
5342
2520
367
5840
3972
9952
4306
2651
5285
3146
6156
1739
6822
8476
9751
6854
3317
633
8712
3694
1063
5464
8211
4459
9836
1962
7227
7749
7773
6078
6337
4072
6963
798
4186
9792
5719
7342
9132
606
7152
2951
5553
9426
8774
9920
4846
8154
2442
2617
7046
8727
5745
8654
6020
2257
1933
2211
1070
3765
3975
6425
6463
9519
5633
881
9568
9823
5314
8189
1335
1744
2557
6776
9819
1102
5944
1343
9138
9160
6496
7452
6748
8861
5835
3167
8514
1046
7493
9940
4695
7267
1451
6000
7211
8881
2130
9927
9553
8809
6330
9774
6386
3386
4965
5334
4204
3925
3742
7556
656
6606
1163
119
6976
2010
1565
1990
2746
9987
8112
6279
4039
1345
2141
2615
7701
5600
2858
8862
4486
2809
4218
5928
9166
7484
2941
2815
7330
2215
4744
1031
3397
7790
7581
3443
6018
8225
8542
7686
3195
6694
8338
3892
4607
7539
1180
4007
8897
8161
5040
5680
1055
265
1736
6545
6865
5018
663
4047
7076
8887
2185
1833
5926
409
7801
4326
4498
8908
1462
567
3538
4654
6142
8205
1970
6364
4877
494
7454
1529
744
5936
625
3045
7714
5286
8477
8495
6650
8838
7624
4203
5206
6534
1553
4677
424
1873
7562
3403
1244
9091
5397
2472
5983
285
4383
9034
3758
1656
3109
4138
8678
7404
1226
4183
2573
2194
2324
167
9727
8155
2430
5407
8623
404
5141
9973
8124
2571
9747
4839
897
3298
9028
1639
51
3212
3584
3108
6046
5653
6140
9097
797
3946
710
8874
953
9035
7899
6811
2398
8556
1754
4289
8049
3985
6285
8758
4635
6589
9348
8533
6912
8806
6556
9096
4988
3707
9971
5826
3042
475
2801
6971
763
6519
8358
3926
359
6294
232
984
8062
9288
1323
8454
817
6388
7252
5696
8299
7922
2541
6594
4636
1505
811
7168
7388
7615
2632
7525
7752
6878
3964
3851
3546
6585
8180
480
4948
6353
5481
8254
3959
1561
1325
1692
691
6757
2928
4563
6619
3773
2802
96
4059
6439
2110
9978
6895
1600
4663
6037
3763
7888
7119
4367
5702
5188
8695
2005
1894
2082
2827
2518
6522
5757
1447
4775
9247
958
3678
6299
9415
3677
1293
3008
8573
5310
8784
6514
2382
8846
8831
9071
2683
2366
3766
4858
2004
6537
8486
6833
933
2122
7398
5117
1935
9341
1065
226
4145
3882
3787
4356
1939
5511
5006
1765
5451
5949
714
9053
3464
2079
2972
3871
3873
9858
5930
5518
9756
7655
3702
6923
648
1230
7066
630
6094
3015
161
7098
9949
7205
345
7803
9485
1093
7363
4651
3943
7799
1702
7992
7552
6429
1189
385
7224
8442
334
9590
9370
3140
179
2938
5403
7800
7847
5846
9143
8780
5244
9682
7990
3829
5918
6643
9014
3700
2513
2177
835
1160
8085
1313
9435
5576
1774
6614
3073
7857
6978
5025
458
4598
6103
2592
137
1993
8071
8759
7855
4871
9759
538
2307
513
6627
1142
8144
209
2767
7775
9251
2770
7670
7221
5227
1299
5279
9461
5879
955
9089
2454
1839
1419
9136
9744
258
4633
4430
3327
4318
3796
2023
6214
8944
7181
9989
9749
7403
2465
884
1113
9418
8256
1957
1477
2219
9681
7488
1540
1315
4950
2725
8105
9791
7379
5317
8721
5295
9595
5196
5957
919
213
2448
2380
4123
3554
5486
1486
6125
5845
5715
106
8436
3893
8508
1217
3821
569
9941
5830
7754
2856
2499
6623
910
3803
8958
4374
6191
3650
1359
2658
8349
8790
4323
3366
6903
7117
4571
3415
682
3605
3727
19
225
5517
4853
1609
7068
1897
4465
3935
5210
7792
5142
6483
479
2317
4393
5589
3762
3957
3337
7418
4780
4414
2160
3982
4364
8402
7816
1390
9315
3533
1371
9525
3868
4535
3866
5350
6399
3292
123
1322
8279
7078
3743
8611
3361
2565
3991
4911
4754
2072
5213
6419
4713
230
896
5204
4310
5093
9298
8325
4220
7318
4844
3941
1008
2719
1499
5685
2640
1027
7786
3377
8322
3190
481
9648
340
7779
7146
9327
7998
8434
9829
2675
4385
7570
7397
5778
3981
9177
218
9635
2432
4773
3387
2419
410
2473
8261
4275
9945
8400
6783
5953
8409
1225
587
6955
9992
3242
4419
5291
4576
8622
2186
4413
3782
8968
4174
3559
637
188
7485
8160
5238
2371
4629
8567
1562
3094
6680
8339
5027
9942
468
6040
7443
4432
7120
4927
9733
4128
8336
8545
9564
1861
3566
4046
4467
7242
5615
4692
3161
9565
8617
5912
6969
6554
1974
7957
8740
7453
1602
6129
2634
4735
6287
8782
2031
3775
8239
9411
2582
6062
113
6663
156
2209
3741
7672
1741
9362
8193
297
8460
489
7420
5896
7059
7192
1689
1851
9625
3823
8760
9119
677
8899
8648
961
1626
6258
5536
6592
2897
3646
6072
694
6026
3493
5365
8347
7594
4707
8701
6239
7478
3968
8312
7833
7097
8683
8923
4299
6979
8557
3863
1559
6440
7826
9977
4698
1385
3607
7157
300
1289
3454
7735
3733
1538
7681
2959
3265
6654
6311
1040
5619
3659
4989
8990
3404
5916
9262
9301
724
3238
1948
8
8082
4752
1370
7
4586
1414
2666
3347
4185
1291
2866
3388
582
9332
7808
3208
6792
5609
9099
1174
7067
2730
934
4967
1341
3368
4547
4909
6755
1633
9928
263
1531
7419
2964
7346
1530
5061
7345
5176
9873
5424
7324
614
9833
5945
1822
7343
3599
6771
2403
8265
9544
4559
6761
8725
4976
6198
6750
833
3496
5838
6500
5128
8599
1664
5510
2681
5627
9492
3154
3723
2722
5981
2696
671
4036
8408
7784
8728
9425
5036
1668
1804
8145
7083
6471
3435
4415
7174
3675
6686
423
5556
7056
3626
5982
1727
6479
6989
6359
4004
8995
6914
6261
6925
4402
1634
662
8826
1781
8086
9916
9787
125
1016
4169
4662
5178
6448
9309
2445
5776
1112
8735
3340
7486
988
5348
4294
7669
5268
4305
4028
915
5379
1855
6401
852
9870
4160
5269
1069
3520
6243
4259
6057
9497
5198
9112
5749
227
8834
7194
8925
5257
6176
3258
573
5704
1104
1119
4693
9178
1536
4151
4842
4408
5341
6315
9293
2779
5634
1434
7913
5800
6075
802
5655
9620
5902
4759
3856
2911
4985
5521
4975
9345
7285
8794
5864
4631
1330
5964
813
2840
9707
1832
2583
5720
3202
4609
3178
9233
1747
2071
6437
6528
3243
8151
3122
1200
2997
49
5191
7503
3084
1640
7272
2176
6535
1272
3068
4024
6216
453
8371
1368
6271
8448
837
5819
3886
8734
8060
946
7035
1738
1687
7258
8366
3365
6586
3603
9569
8270
7935
2480
8345
3797
8737
3369
7140
101
8430
7560
1347
4801
783
219
3517
8487
9783
6613
3507
4639
6465
3647
4587
3952
8221
6891
9103
7777
5042
956
9668
2525
9615
3801
3805
259
6099
7415
5677
1955
8070
7395
6781
8649
6634
5032
7130
5564
6151
377
1583
3973
3462
8608
7853
2135
2491
3082
5637
1743
3562
5662
1338
9039
7702
3010
4034
323
7407
3657
3905
1890
5108
3326
3861
8162
2877
8576
2162
5708
6602
7756
7942
4818
1931
2515
985
4266
6851
7707
2026
9530
5915
2370
9274
3668
889
8889
2762
6150
1806
5468
681
6544
7548
2001
1482
462
4983
5201
2222
1995
6341
4568
5214
8494
1694
2150
5157
2325
8302
711
9339
9459
7201
6250
492
1464
8276
2831
5608
5459
3556
2007
6306
2363
4025
3658
9891
7273
7147
5090
2126
6569
635
6875
3037
1767
5645
3020
9387
4856
824
1828
9123
3442
5594
1147
2886
1567
231
9027
3414
7988
3335
9308
5804
3955
4696
1814
239
2319
7651
5894
3534
1179
843
2002
9660
1184
8552
4316
584
8777
2698
7524
2281
493
5960
1762
3969
7362
1966
634
1616
6435
4321
2630
1138
8285
2795
3113
6131
389
4549
3065
2269
7682
4329
4105
1126
4496
40
1274
452
2566
9610
2233
7334
5111
3817
6297
6553
5443
4767
2182
2574
9183
3662
8700
7960
6956
8039
7515
4327
5413
5895
5041
5045
6497
8869
6365
8684
5722
157
5869
2982
8479
1326
2699
2127
4843
8627
7649
8808
908
5950
8414
930
790
6842
7495
3026
7590
7021
2519
329
5503
8988
9374
4824
4041
990
5995
7353
1494
6067
2752
193
5751
5428
3911
4214
5811
438
3524
2947
3715
8936
6066
3152
4575
7423
3334
4126
4193
3410
9192
5958
5686
5701
6101
1792
6871
8524
1886
7233
4017
7489
9070
9904
4157
9803
4389
2297
6769
9630
8904
8963
7958
8593
5940
7582
7724
5636
4841
2068
4602
1493
8357
3076
8677
8711
2535
2613
1951
9410
1353
4702
766
3842
6089
9863
5059
4392
3748
8170
3260
3157
5736
6778
659
3107
3259
6047
5865
5943
3296
248
1121
680
9760
5606
4286
4071
3523
5393
2237
9951
5500
3459
8945
7189
9334
3648
6596
8010
8163
7703
9757
7496
3500
56
9400
4154
3043
9205
5420
672
1098
9899
1425
3837
7566
1979
7319
6797
7408
503
2772
644
7188
7355
9658
2717
2174
1468
1201
5469
3321
9846
4555
7123
3023
6909
8685
5338
8842
9740
4083
9531
4920
4835
2287
5666
6918
5534
6690
1277
2637
2924
3452
3501
8771
9051
1086
6138
8355
3800
6567
8871
8755
2409
3645
4898
5280
8526
7941
7980
4762
8369
3079
1648
2437
4922
2521
7124
5084
2060
5363
8890
7351
1417
8957
6109
8551
5394
615
4646
2778
3218
6974
7856
9800
7559
2303
7065
2653
3144
1395
4611
6820
7104
1087
8493
7007
8522
7518
4790
9898
7653
4634
2123
8248
4482
9638
6044
391
8530
1749
6709
2301
9270
9606
6800
9009
3571
4207
47
4116
2759
5697
4854
6806
8538
3824
4822
5228
8613
3201
214
7030
3813
8580
240
5641
5563
5584
244
7869
5578
7183
5051
1177
6943
996
6404
5967
6490
9995
9871
9969
6590
7154
7886
9810
9990
688
616
9296
211
8451
5282
550
2761
9548
8373
2505
970
9162
5711
8906
4900
8104
4973
360
1844
9165
6246
4343
3518
2051
7733
4096
3473
1642
3039
6862
5987
8571
3995
1107
3237
754
3263
6737
1638
3686
2128
4694
7208
6282
9196
9763
114
2076
2427
935
4902
863
8666
5273
753
9566
292
2441
9512
4325
5066
2598
2054
4590
87
3970
7238
9522
4652
8113
4369
927
8690
7333
178
7927
2276
2097
2931
6725
9705
6060
5155
3089
7806
2907
5112
7748
875
9263
3009
1490
9281
4910
2668
9816
676
4021
6957
5416
7551
9088
7086
3791
912
6008
5911
5610
490
7864
3872
4410
3210
6069
580
6570
1366
1748
306
9646
21
7767
1426
365
6475
1018
4349
3894
951
7760
8605
4137
9158
9303
9059
883
362
6433
6334
6022
2490
6855
3934
5160
8396
5671
9708
8040
6084
8134
5972
7430
2555
9417
893
9944
5614
1703
7764
8484
3233
660
7987
3318
7739
2864
9442
5399
4388
2247
653
3751
9218
3740
2048
4723
7546
2563
6507
5880
3596
9826
3000
3503
9273
4548
8827
6814
6488
8241
6645
7096
5380
9318
7578
8215
1594
1432
2248
8375
3315
1170
6083
9601
6607
1235
1678
195
7113
3367
6887
5642
7614
4714
6155
5065
2282
1545
6795
6894
6782
1182
969
5307
6958
6635
6245
72
3197
9988
7870
687
4804
1441
4764
3134
9295
2402
5539
9776
7216
1406
9897
8885
5189
1867
1776
7088
7921
4682
2946
2270
4131
1603
5899
5184
6126
649
247
4637
6523
7650
9515
1674
6904
5224
2047
6512
164
9510
8513
3471
3938
6045
858
4125
5861
9877
5134
3438
1404
8770
3272
4300
2973
9460
7180
6682
586
4970
3883
3336
2776
7373
604
6808
9706
5689
834
2374
2399
5082
5124
967
9115
8855
6711
3609
7241
3855
3780
730
6462
5485
5492
6001
8786
2995
689
2647
1850
4328
6880
3527
3448
7501
709
3960
5465
7862
2156
133
4960
900
3485
6383
5873
3812
9701
911
7968
1429
5825
1711
3494
9133
9476
9185
3922
6746
2179
394
48
9689
6194
8073
4999
7747
4097
7458
2844
6063
7011
2932
2460
4082
9662
4223
9882
1560
4808
8201
3476
4254
6121
553
5284
7815
8878
3313
9032
5326
1033
6004
4533
8478
6464
2600
3505
3661
1998
9395
7017
5909
9963
1843
9377
9773
8258
1918
273
2803
4225
7036
4016
3914
1048
1580
7313
6358
393
4008
4665
5283
9276
2367
7850
3722
5270
8391
5281
8714
6575
8242
3671
2920
4509
7905
8426
8694
7762
177
3320
9180
9336
3830
6953
295
9125
9048
8368
2408
9328
5816
2820
8311
3996
4784
6305
4094
2251
5493
4375
4045
5598
3325
5116
4172
9226
7900
524
9065
8061
4091
6092
8192
386
9241
636
6825
5976
7031
8223
7617
4135
866
741
2070
274
8568
3753
4340
7985
3804
9581
6835
8954
1110
2561
7572
8259
2218
9087
6030
3359
7836
5404
1785
9382
9186
5780
3653
1402
826
665
7977
686
8511
5903
5074
891
6336
995
9371
1279
745
7085
6374
1021
917
9822
7811
8264
3149
6550
610
6751
8331
9159
3685
357
7849
9955
6088
2916
4335
9145
8308
3490
669
6798
7805
5079
420
7481
9181
2364
7950
3182
3495
4945
9862
4013
4697
1006
5755
6708
3207
4406
132
5218
675
8329
6867
1669
7200
4796
846
1228
8570
8110
1310
8153
3133
2503
7955
8238
3097
7245
7758
228
5989
3549
4027
5799
6942
8788
8250
735
5961
5933
8012
202
879
7161
9441
2478
9750
3128
3980
6701
5735
540
6247
9433
4291
9986
2296
1075
6145
2594
217
3046
2255
8132
9538
9197
7533
7276
9799
3232
7095
5591
9280
2749
3550
4241
9314
602
6696
5931
6667
5557
1224
2213
7915
4730
3891
7983
6621
1805
673
5747
1173
1148
5231
1352
2741
2191
1649
3137
6509
3364
7502
2824
8399
5777
924
30
7223
7966
4724
856
8229
9046
6605
343
2275
9110
8911
5626
6174
8840
9828
215
4295
4903
2488
8924
4691
398
9229
7768
6236
5651
876
6416
3308
8260
5208
6220
7263
1263
1143
9419
713
9915
4787
4681
4832
2151
8297
6876
3316
9513
5652
371
1852
4237
5433
6118
7366
1513
3786
595
5439
6012
196
5884
8539
6777
8222
8337
8517
435
1612
3431
4930
2238
5504
4492
7711
1007
8880
5994
2614
7911
4014
7199
253
7075
1724
9050
2389
5905
5572
3453
183
8639
2891
5319
2999
2648
1405
3111
979
4928
6651
8122
1789
7316
4229
7308
4937
2769
9954
5674
283
9651
5810
9084
5456
554
2649
518
5551
4366
6036
9150
2859
4312
6580
9217
3632
4750
8793
9687
6610
6582
7322
1548
7260
5648
1041
42
5100
6168
5009
8673
6215
9340
6354
6762
335
9408
2103
1874
655
4150
7638
8820
6098
678
3177
4531
5859
8343
5039
1827
9600
8544
4895
254
171
1522
1817
3465
5406
505
7234
2244
6380
1431
2884
8055
4114
9398
8952
1963
1101
815
5502
8209
5571
2671
5430
3840
4874
1127
6638
4626
7635
7387
2455
4452
4139
8743
4353
1242
9714
9921
1380
6205
4061
3846
549
9199
9342
2906
9003
7156
1071
8027
6071
9732
293
6658
8450
2871
4954
5723
5974
6280
7761
4418
2854
808
8481
8443
7794
548
8472
6525
2948
7412
2397
3627
9887
2447
8877
184
2091
1365
1216
9699
2322
2572
3531
2229
6292
9290
4436
8953
7567
7012
1915
1452
3013
4712
8376
8803
2687
64
3902
519
507
9465
6485
3611
5965
6376
55
3466
6420
6940
8309
2439
2869
8432
4972
5373
9420
2841
8310
6005
1907
4491
5205
4437
4147
8135
3683
9347
441
6706
8565
4558
2199
8837
7304
6931
4161
4447
2349
234
7634
4542
1281
3273
857
1967
5083
4280
7264
4422
716
2487
6944
7925
9449
6398
7841
7307
392
6180
2994
2638
7753
5412
747
2968
8292
7303
7741
2738
5098
4270
6238
8650
6362
932
5293
939
1206
1296
1470
9210
284
1399
9962
2386
3183
5159
7348
1677
7138
4736
8689
6339
3767
2064
151
5647
8485
8985
1092
1905
2669
3739
8321
1010
194
8588
6844
7212
3219
1981
8030
4129
1290
2474
2300
9109
8272
3245
7029
2093
4417
4783
1133
3032
5243
1413
7602
1865
7648
9607
6375
4200
6394
6371
8979
9063
2930
4387
7884
6025
2378
692
6495
2118
9716
2290
9827
7732
2616
3349
1295
321
8697
7482
2965
3005
8857
8232
7947
2202
1514
7812
5113
2821
32
3760
6665
3293
6493
1661
7400
6102
8483
3610
3436
3171
517
516
5850
5548
141
3069
4271
5505
7487
4708
7427
2700
4209
1397
9888
8000
1620
5920
7574
8776
7535
7991
759
6491
4836
5259
3718
3798
4996
4336
4120
7440
190
2939
5022
4273
100
5707
3781
564
7511
2041
1448
267
4002
4703
6286
7019
3601
7858
4132
1312
3401
4994
431
7674
322
5020
9867
590
9526
3358
2016
6858
1869
3989
3563
3223
6850
854
2065
8288
7706
4142
599
7240
5683
7852
1038
812
1549
9782
4923
5298
9243
6804
5746
3422
7994
8088
9984
6975
4442
596
5868
925
851
8246
7133
3250
294
7640
8089
1396
8849
6510
8625
3734
2804
9656
8129
7467
3630
99
2989
6848
9002
9474
1094
388
1294
95
4859
9440
2590
5956
1578
4706
4641
6310
3535
8123
1471
3512
9291
8318
2900
6110
832
5250
755
7155
8867
1858
9393
3664
6882
5913
4628
7685
8286
6296
9567
8412
7527
3389
4612
7256
1964
2874
5230
8118
9239
5216
6754
7541
7986
9478
6849
9778
5581
7499
8662
2684
5427
9352
8410
1377
8452
8801
9013
2375
9272
9838
5387
7062
9414
4448
3932
8032
9811
2452
2546
9357
3639
5354
2121
7000
2589
2471
3551
7506
1676
7995
8858
1572
4187
9466
7623
130
6377
2539
9268
88
2642
3450
8604
3536
2225
8453
8583
1455
1145
5788
7825
1723
4580
8527
2013
8914
1673
2078
9979
4817
2266
8882
7625
9292
8558
3282
9042
9703
5168
9998
937
3511
9883
5558
9481
1579
9860
7734
6760
4907
7571
4650
6244
2268
1521
3896
1057
9462
8290
3961
4080
3738
3215
646
8235
4556
7472
3788
3772
8505
472
1909
4104
4964
2496
5261
1080
6874
1032
9232
9430
4213
2492
8179
2889
1382
408
7079
2245
1111
2401
4480
1643
5656
1763
899
6784
8007
8847
8830
722
6959
1959
4251
7196
7593
5917
2530
4445
4883
5849
3275
621
5271
358
216
2545
502
4868
9213
1454
6860
5587
288
4428
4886
7596
9796
4765
9444
4831
221
4857
3158
3429
9176
8519
9586
8196
2196
4709
7410
5731
7573
3118
861
6772
1131
6482
9275
3721
1298
7102
9560
3098
159
2665
5856
3747
7306
7121
2470
5075
7972
9289
2254
3430
6901
4313
1972
5152
3184
7432
4050
1847
152
7542
9069
4763
8461
5246
3024
1258
8779
2339
342
8067
6549
1877
7510
9389
7204
5070
8488
4814
2294
8439
8893
4221
9723
6516
3992
7358
5790
8050
1479
7889
7112
4564
5360
928
902
9366
806
9282
2641
2074
5409
1344
2597
9577
7034
566
1733
8506
7626
838
9847
9769
8764
1328
3642
7618
7341
8744
792
4307
983
7290
1546
537
9312
9528
3669
7677
7370
8626
1252
8554
5095
2883
5012
4296
303
5415
5886
6408
9167
2945
9190
488
7449
1178
8693
9933
5391
1333
2226
7881
3950
7459
6133
2633
619
1904
3674
1067
6317
9500
8177
9104
1885
5149
510
3191
8741
9073
1568
2239
255
583
3497
1240
6659
4416
8991
1571
4904
823
1701
9991
83
5139
8997
9224
7039
9194
2029
3474
5359
4729
3268
4648
1457
1239
7339
5737
1989
2240
9120
7918
6233
3990
5530
6407
1614
2909
5823
9715
9640
7932
5374
542
4079
1923
3028
4136
122
568
7755
4443
5037
7455
2623
7929
9527
7549
8852
717
5733
2839
2124
7187
9098
6427
8768
7565
7022
1618
5794
375
4943
2885
3291
1983
7605
1685
3402
2208
6049
9302
2256
4769
5147
8836
5165
6964
5179
3542
1574
8587
3381
4768
5167
8121
148
2745
7220
9709
1994
271
4508
4610
3169
3713
454
7798
3188
5997
1077
2957
1096
9093
478
3360
8397
693
2748
2416
3594
9879
9895
1422
4529
4984
844
446
112
6213
1667
4776
9152
8447
6327
7360
6716
9710
6728
455
6361
7197
1686
7442
1318
3949
3241
5579
9107
2015
9169
827
1752
7895
4466
4974
1060
1796
4164
6312
4333
3341
9484
2677
4627
9677
9222
1914
1556
6646
9603
6385
5499
2714
1214
9189
601
8896
9056
3119
2836
5766
8333
1582
1919
2433
9237
9570
339
9
5118
5017
2418
570
2310
277
697
949
2575
9375
1103
7335
8470
796
3663
2295
7393
5495
8930
1866
1460
8004
3947
9108
147
6562
1848
4399
1320
5744
6182
3570
1439
7385
5301
9619
7789
1704
7641
1489
3331
4462
8139
5618
9058
5602
333
543
822
189
170
8656
3746
7928
2
6438
442
918
4701
4986
4253
4100
5867
6552
8103
4250
6434
2950
2810
1375
3976
2843
3338
2046
5126
7643
7237
366
4726
8220
8550
5923
3593
2918
1495
8733
1728
9926
4540
2198
5978
972
4386
1254
3717
7910
873
5527
9495
4155
3095
8420
487
8257
4827
3988
2660
8482
874
7127
3376
1283
968
9631
1192
1984
8459
3906
5003
6200
8900
9665
473
8966
7675
5793
2940
7772
608
4130
3398
5
2125
3488
3344
6338
485
1017
7288
2457
3958
3440
5043
5514
9140
5361
3889
4545
5105
6609
6384
9636
3199
3019
474
4514
1043
4089
3139
3898
7534
1084
552
5063
4118
4005
9060
4892
7557
2956
3479
3579
3063
8190
1756
286
6035
4855
767
5422
6489
5692
4632
9691
7300
1003
6006
4968
1705
757
9812
5471
5922
7529
3794
8463
2983
9918
9130
2264
6093
8884
1262
7693
1693
631
9368
2040
1810
197
2144
2217
6333
2580
903
4638
8197
561
3025
9679
111
1825
728
5714
6021
7047
8034
2075
2272
3779
842
5114
7788
6206
9111
6693
8249
1383
2504
9470
1786
2914
3595
1373
4806
7203
8335
4159
5327
4497
7860
6340
7981
2567
336
4890
5494
5306
5620
666
3644
4188
7926
1165
25
8984
3054
4882
2657
5522
5688
718
2379
3818
7295
511
9424
3480
8228
223
3222
1898
9661
6774
3864
1446
1544
1073
512
6993
6787
9472
8504
7317
5096
4519
8500
4311
1713
9965
2766
9023
8967
9131
8546
1746
6508
3213
3481
3375
9650
4897
7494
5921
4669
2350
6328
4195
8955
5153
4553
262
7592
6714
9766
6082
3227
1052
6723
4623
9594
1034
6801
8956
9830
2373
8668
3548
2243
128
2406
153
6169
6166
8353
6786
2780
108
2913
3709
8043
6468
4578
5954
9869
8435
6856
7930
4511
6499
9128
9626
7974
368
4181
8560
8598
6091
4751
2921
1581
2798
8548
1410
8797
4287
6319
7522
1672
2171
9632
2834
6948
1025
5742
5604
5547
5993
6573
1900
6163
9832
6141
7164
5175
773
8137
8031
4958
337
1009
1598
1547
4474
8361
1491
3205
7118
5603
6269
2265
8799
2954
2052
5410
2292
5106
331
4570
9353
8131
1697
9360
1563
8909
6970
3001
2327
1772
6164
7781
9473
5532
6864
700
2395
8142
2106
5789
7978
9533
5908
9265
7668
9031
7712
400
6436
782
9853
5384
9976
9083
3100
8002
3489
9406
3944
5058
482
8651
4939
3589
3815
8390
3130
466
6202
9967
1456
9552
6051
5343
443
3220
8398
641
6477
3948
9996
9363
2187
6120
805
7971
5844
3267
8920
2825
7315
4867
8749
9825
5156
449
2073
2253
5787
9249
5684
8469
7490
5029
6356
3061
7150
374
7253
6119
5351
1329
1515
2828
6889
1150
2055
5337
7444
5866
8252
3034
9436
7708
6888
7175
2742
5352
9457
7694
4997
3405
8644
8516
7769
6926
8645
8574
1166
4272
3145
2692
6147
4211
3002
6707
9605
5226
7579
7597
9195
571
6727
4977
2955
3287
1255
2274
9361
7074
6090
6007
58
8313
7644
1666
5392
457
2706
8680
5724
427
8562
1973
8664
6054
1773
1135
6649
7585
4196
3887
5323
3229
9311
1264
8687
1223
1782
5195
3869
9204
3965
9516
4891
2734
3120
726
467
9585
4613
504
8932
5290
6283
53
3913
1485
2089
1883
8591
4068
5376
8240
8724
7628
4400
6152
4741
8216
765
6660
6357
9786
1306
8315
9254
2733
3792
5154
180
3044
3468
3467
2037
7765
4864
5328
9675
9124
1965
576
7608
547
3276
2352
7230
1221
9321
2018
245
280
155
1978
5858
8247
3811
1169
572
6033
1908
4276
3928
7265
5247
6391
3637
3371
7375
8359
8351
9135
7613
3583
2283
198
2184
9036
5212
4700
2329
6593
4813
9906
7563
1198
8046
1534
9008
7898
8589
4319
8647
5520
4825
6734
7545
9841
4219
4522
2898
8364
7507
8802
4009
4966
2267
5546
2736
6637
882
4124
9432
4192
6277
9029
2842
2805
4541
9126
1681
7964
2659
4396
795
8999
6995
3735
6988
9768
1220
7126
8354
9454
3540
2724
7286
2390
7842
5200
5356
4591
3033
2974
6883
6370
2043
4426
6348
1115
6324
166
2153
2083
8915
5385
5248
3979
3785
205
1954
4915
353
38
8706
3439
2556
8344
9517
6869
3012
3720
2601
8072
4679
8489
9813
545
8569
6587
4655
5146
3752
142
5417
3016
6557
605
2604
5990
9079
3634
1203
7820
1658
4473
2701
5498
8676
4798
5992
9704
9866
1082
9848
5482
4848
5832
1753
2695
2540
3688
5555
4373
7696
212
860
8624
3003
1646
7215
950
5875
4845
2682
5897
7132
9780
4171
5088
5768
5904
7092
7475
5202
1261
4302
6288
3351
3703
34
963
5461
5400
3314
531
9127
1155
5087
7014
1590
5970
4175
7027
2697
2619
7497
207
3504
9771
60
6666
3513
3699
497
1999
9913
3303
5026
2090
3080
2476
9728
1270
6915
4699
8383
8658
3150
4935
2942
5450
7776
54
7337
9285
6256
7325
9680
1698
8341
898
5445
8798
1720
4315
5016
1888
5297
8577
5292
536
3690
9129
1921
9316
1509
145
8523
731
626
8937
9856
4451
7689
7532
4738
9536
3931
3284
8674
3789
149
2629
9814
7051
4671
809
36
9642
6212
3021
6181
8681
5320
5077
8230
3445
5169
7073
3616
5192
4176
8903
6423
3085
413
8171
8640
1949
2279
5203
872
8382
1301
5991
4619
5910
7951
6032
7289
7094
7679
3728
5824
1928
2966
4810
4778
7780
2230
1641
2280
1050
9892
8159
2231
12
4507
4397
5171
2936
4745
7838
4581
9554
2410
3348
1707
8016
5305
1401
5209
8987
5575
4345
6038
7598
1815
7526
1647
5137
4649
5276
5296
9535
6559
7636
8350
2421
1014
9019
3689
9007
2158
8128
8917
788
7293
2022
2260
3266
9075
1809
4785
5097
1624
4351
3168
7848
9148
5332
2729
3731
5561
5466
849
7299
6451
3592
3470
9593
5727
2707
9753
6803
5382
3875
8520
3378
2120
2486
989
6984
5962
2680
7277
7710
4799
5023
6450
8720
5220
8996
3956
7244
9880
1742
3075
7422
7875
3487
4454
4064
3270
1541
8305
9094
1412
6543
8629
1193
1028
9219
8581
2608
2131
3104
8048
8791
5947
6633
7821
9917
7470
5667
8413
118
5194
1849
6718
6323
5754
70
8474
6144
2411
8182
4812
9683
6478
6208
600
6868
9503
6449
6836
8026
2192
4732
4469
820
9258
6740
6458
8184
282
8828
4110
3573
2129
6885
6913
8919
181
5302
9211
5646
1190
7057
4653
7356
5577
3301
3962
4604
2549
9884
943
6939
2495
2387
9671
7568
9066
6920
9372
6951
8657
9580
2788
2829
8865
6597
2107
9041
6983
3764
8972
8661
6107
7015
4616
8362
6560
9520
2667
5882
3121
4710
6345
7191
8525
6775
1757
9277
7647
5919
1504
4377
7468
9815
1134
1899
3776
8742
6642
2757
5828
9114
1788
2462
9762
9216
10
2896
3077
1012
4998
7940
6828
8926
6745
6469
9266
9434
3696
8317
5870
2912
6322
704
2143
3919
6076
3200
429
7428
7218
2262
7145
8614
740
5625
3912
9227
5612
8686
8102
8094
2990
9669
355
2464
7840
706
3343
7255
330
628
3135
5265
1059
7349
2873
9223
8698
546
5818
2558
3656
2112
764
2235
6373
7275
9958
235
993
1159
698
2451
269
3749
1715
5616
7999
1961
4894
3544
1416
8266
4680
3420
5048
4625
8100
4914
3774
7185
8415
4346
6603
758
4755
8851
7723
4926
6173
1476
3432
597
5550
5808
6794
6687
6732
1090
8108
6444
5151
5822
3577
8582
901
8537
7044
9912
2507
2570
1187
346
9824
350
2646
8970
8723
1141
8001
9037
6766
7688
264
5367
7248
3269
7172
320
9260
5596
2949
6900
2100
7744
8367
5046
8169
5121
8716
8515
9905
5672
3409
6532
679
7361
5107
6255
6829
8927
1721
6595
3587
1610
1605
8935
2326
4283
761
7402
1717
2377
6190
4331
246
4243
8069
2035
2987
8352
7426
4166
5764
2654
18
6431
1771
7692
6715
2758
6128
5211
7160
3426
2017
2553
3809
6070
6313
4932
1308
8185
1780
3328
1035
3998
5068
9188
6480
3379
5833
9857
3288
4534
7329
3865
6599
814
756
7796
1644
5699
3581
8348
7817
3918
6403
5805
4878
4380
8277
5484
1550
2020
6301
965
3698
4731
4747
4572
5019
4800
3110
3081
4065
9970
6441
3783
1157
4946
6541
2901
8218
5516
5104
7249
5855
9271
7294
2977
2116
5136
9936
7658
4293
9294
4206
7041
3427
7851
1714
8282
7450
1750
3425
5266
3384
8839
2500
7997
9616
5315
5729
9044
941
7793
5887
7715
5541
2870
6636
2019
8717
89
6442
4840
6392
9743
2510
7367
9102
9156
9571
4051
2119
4121
7081
1517
4111
9030
6153
1684
9191
8178
3608
3413
1778
3770
7235
6048
1222
8014
9452
5094
1816
5741
1072
3181
9324
2216
2817
8224
483
4952
5340
7982
732
4322
8746
6170
8490
9423
6080
9576
7115
9507
4381
4420
1840
3211
8293
2754
1275
3176
6146
5760
2021
5092
6807
8961
1209
7371
8521
2220
8025
3029
8943
77
1376
9901
5229
5952
6934
9105
5402
1829
8150
771
3978
3102
6810
4918
9604
7013
3730
2652
8392
6742
7969
5881
6158
2584
4779
387
9480
6877
8384
9758
2193
9422
5565
165
8138
7024
9477
5599
3732
9333
304
8083
9421
3421
1483
3299
1389
7129
4912
175
9559
1818
9331
3852
6452
5946
4630
640
5278
1952
769
1797
382
1842
848
1613
4162
2876
5924
2656
7751
1199
1991
9529
8326
6009
6395
6892
3711
2978
1800
0
4510
3754
9644
4721
7063
7305
9767
4063
2992
7384
144
6068
4893
5552
952
8278
7743
5682
7297
3836
4830
7909
5726
3297
7514
2334
3475
6400
3187
5033
9038
3870
8015
9653
1488
3920
7016
2664
315
3736
947
66
414
2690
5381
2050
3283
9835
5053
720
5256
6426
9403
4099
3745
7209
6161
639
9742
6572
9297
794
8356
396
6691
8671
1735
3778
3011
8895
6845
8421
9514
2483
9794
7179
829
9924
7247
9447
9074
52
2542
3406
5038
5730
4395
9045
7500
9511
6773
4258
886
8938
316
6881
3744
7937
3509
603
8931
1868
3597
6265
7491
5047
9713
3530
5115
8691
2838
5573
3901
4906
5263
6199
8143
5109
4269
8038
8388
9141
3304
9592
7270
2755
6481
5988
5613
9081
1360
68
1269
6700
9652
1168
2038
9355
6104
1278
1297
31
3543
3072
7642
8243
4033
725
4518
4876
2057
1591
4622
4501
4182
2735
1761
9685
3874
9330
4085
1473
9431
1444
7298
1655
275
9542
1095
6484
1350
1926
1691
4431
1440
6839
3924
3418
6430
6648
4717
5938
593
9894
2791
4134
5635
702
6178
3847
8378
4821
4756
6314
9157
3519
914
9975
93
8969
3719
4686
4502
7386
3777
7832
6272
5150
5569
5303
1751
9667
8675
7757
7916
8708
6368
5347
9938
1606
5267
7660
1654
7934
6826
3074
8922
6873
1862
4361
6064
3617
6764
9770
8394
2958
6186
3156
4521
7394
3240
8845
4615
6652
6113
2768
4057
3942
6207
5193
2203
5223
8597
7365
1719
1622
3056
7033
3768
922
3460
5294
652
5099
6106
7109
8901
2358
5255
2067
4224
5372
3289
2812
1418
2786
7214
397
8563
9712
9385
5435
4929
6617
2227
7740
4595
169
3354
4278
7136
6211
818
8009
1282
6332
252
7171
3890
515
4198
4341
3370
500
1875
8374
8245
5728
6685
7639
4119
3086
3051
7232
1054
6520
3576
9700
4423
7405
3620
533
5345
534
22
7116
1287
2543
1361
5182
2538
4217
9379
8646
3585
4020
2168
1394
9820
261
5329
4444
5748
6600
3907
3103
992
1140
2142
867
9609
1450
7667
204
5690
7599
4370
1523
7621
6584
4012
5668
4457
9720
521
2890
2105
7652
5386
425
5785
3539
589
8833
85
1433
9722
1992
1011
1924
4019
7671
8291
75
7141
5951
2032
7912
8149
1958
3974
4344
6817
9343
9228
4660
5621
2737
6410
6203
8765
1740
8372
3396
8739
1652
7101
6095
1378
9025
8212
4357
8769
8334
4362
4565
4523
2066
9116
8738
1976
238
2624
9300
3963
5491
7254
959
3908
6329
8307
6177
5346
4140
1943
4363
3356
1238
5834
6561
9842
3004
6226
3853
8761
1645
1902
4152
4424
9284
7588
5021
3854
9040
6252
2979
2863
9909
5264
3701
5044
3257
3391
5497
3179
9407
1985
5071
7210
6321
4092
4672
6149
6114
3088
2249
4934
7399
3060
8263
3670
9930
412
7680
3521
3262
5421
8422
2463
8427
9482
3017
5814
8003
6223
4260
3138
6615
84
2845
4067
8126
1722
7877
8993
7311
7619
1879
1920
4584
1573
8800
2134
3230
5164
8497
8534
4058
3006
7770
8207
7137
8642
981
7537
4438
957
8181
5377
2985
1
6308
4093
3125
2413
661
4554
5252
819
9101
8532
5067
7555
9443
9401
4919
3691
5963
2080
6217
1663
7632
612
9054
9981
721
2252
1528
2309
5405
6536
923
999
1125
3423
4433
6759
3057
3353
816
3174
1231
2835
868
4078
6780
2485
8324
3795
1592
5062
4802
1759
4167
8579
9234
6821
562
356
8075
6447
9198
8555
9890
2289
2081
1062
5463
4520
2318
28
4737
707
1986
1285
3945
4390
4352
417
43
1227
2765
7516
6513
7069
8237
4001
6662
2661
8672
807
8841
2627
2391
6705
3729
1362
1078
8405
9724
4149
2313
2353
1787
8636
7683
7859
1181
2422
4643
2826
4122
7099
2259
2663
380
8973
2702
2351
4018
887
6768
674
7474
6796
6899
6994
9106
1564
6710
7716
7198
6879
5434
251
9317
2674
4226
7058
6935
5525
9834
1617
3225
5091
6253
1566
4472
4261
2892
174
8157
440
8125
8101
2369
7607
4015
2609
3631
1292
3560
1708
6347
7956
8300
1956
9364
4875
8913
2109
4304
4127
2347
278
2277
5438
2998
3194
3228
4148
1276
8929
7347
1675
2446
5185
6492
7406
3027
5977
7543
1526
3825
859
7225
2481
7231
5929
6432
719
4493
3755
1042
3286
82
1968
2414
9090
1824
5101
2643
7052
6683
9575
9313
1906
6941
6108
9055
6790
4688
5472
2011
5638
6251
4475
3514
8503
9283
1881
8217
7601
5462
8262
3049
4879
9896
2299
1500
4411
9154
526
9874
5649
3455
5738
5258
9427
2000
6501
9596
5827
7718
7071
7049
373
8465
3342
617
2915
2365
3897
3591
9946
9572
9496
4405
5932
3877
5759
233
1794
3618
8616
6413
4365
1144
8303
4429
291
8594
2096
401
3221
2498
9064
975
3623
3628
136
4881
3112
8751
1204
9953
260
1942
8234
2436
2868
2988
7720
9532
7106
6187
997
1901
4040
6132
4263
4659
668
1813
8507
9113
86
6029
6350
2751
5483
4748
8850
6692
4782
1884
3857
8456
2552
4499
5331
5770
8907
5480
9471
2610
9852
6992
8281
7122
3622
143
1064
2236
5325
6316
8109
3357
1838
7804
2529
6906
3372
723
2562
4308
3278
3261
1695
6143
1083
9633
6577
7466
4749
2865
7008
8641
3769
9597
1589
5540
9855
3472
9238
574
3575
2980
5127
1247
498
9907
1039
4577
4056
3160
5743
6924
5418
332
281
7609
9985
8978
8079
4757
9999
7663
1726
6302
7530
6229
2036
9367
249
2807
279
8063
41
8950
6289
1863
7538
3888
1953
6017
7368
5322
8722
1621
7287
3116
9804
4255
2808
862
7250
7411
9259
276
9731
6721
2058
3716
266
1932
3900
1820
9149
4656
1596
7883
6266
6303
3204
8618
9764
1755
1910
4029
2479
4231
8502
4477
9005
9304
9174
5574
8566
1076
1799
1162
5624
7392
4038
960
5639
8595
6608
8615
8709
3251
6466
2602
6473
8912
9947
8965
390
1015
6192
3547
3264
5694
1864
9664
9000
2355
185
7301
4070
664
9491
2407
1988
8306
1194
8042
2453
7610
4334
6791
6897
1005
3249
1171
2526
9948
3613
9390
5691
3537
8480
3528
81
9781
8699
8894
5664
4488
6393
2790
7931
7259
4292
2459
8812
9735
6997
1108
2288
6397
1424
5622
8817
9739
577
3491
298
9067
8018
3806
6235
6670
2099
3064
9264
6578
9578
3059
73
1803
2312
1478
3697
8045
1860
7414
354
9261
7193
2163
6097
8468
8431
1340
7327
5640
8810
7959
1442
7891
9736
7719
7064
3532
6162
5906
4168
9468
9539
8635
1938
5313
6765
9666
8462
4234
3437
6819
2857
1243
364
2210
8948
2514
986
4107
1597
1508
8905
5190
8119
632
27
2087
2937
5529
3332
9629
5601
801
749
3484
5161
8491
6172
7479
1934
7456
471
6922
2044
1841
4350
3567
5371
4739
2599
9649
9831
2482
5311
317
1357
4774
7380
3307
8077
6087
2655
7271
6159
7508
8898
3986
8692
3850
9641
6112
7128
4298
7874
3586
5753
5872
2443
752
5891
1020
5718
1586
557
770
206
4560
8273
7302
7944
7939
8327
3706
8787
1798
5368
6846
2797
9719
4303
6726
6622
1099
1130
3424
8732
5132
9765
8886
3954
6788
5235
9255
1497
9487
7151
9072
4725
3498
1074
2114
4861
3522
6284
9445
5411
1498
9790
8133
4668
8078
3035
2708
8609
6938
2532
4933
8918
3684
4728
6973
456
9310
5300
2003
37
5519
9808
7382
4823
2818
222
5590
5241
2314
3808
4216
3884
2773
2996
7429
139
4887
9726
4035
8596
1653
8992
6124
8204
2261
3131
3676
9489
1836
6838
3469
2676
7721
4599
803
7630
4716
2962
4551
2404
4819
780
4684
4562
5795
6713
7835
2027
7523
7020
8141
5769
894
2337
7018
2024
936
8199
2157
9168
8860
1356
6539
4596
4500
5148
369
4566
5889
6697
8752
4658
5490
3185
1437
3290
445
591
9139
4674
4603
7709
1876
6799
1400
9798
3638
2493
670
2138
8202
5086
2816
116
5605
6267
3087
1195
699
8457
2291
7923
6259
1210
6175
1512
1846
4179
8510
2271
5054
5734
9506
8832
1116
1947
1249
7901
7746
9451
3553
6625
6684
1627
4552
5401
8536
7827
1856
9678
1304
8165
6300
3036
1139
1047
4901
9972
2710
6785
8231
4288
8659
6719
6318
7933
7438
4885
7705
987
1982
3939
4360
6990
3565
7357
4339
6548
4233
4664
1481
8441
8051
2544
6986
3126
3915
8980
7731
8056
9043
5583
1929
8633
191
9335
65
1430
6524
120
2895
4095
78
945
1379
7344
8080
5984
3569
7055
2740
1770
8019
4073
1151
895
9464
976
1339
3400
5554
6980
2169
451
46
7970
8188
7627
8818
1336
6724
8164
8789
4811
1191
4235
1927
1085
9203
2431
6747
5595
5773
9021
8816
4606
8561
9209
348
6564
2423
5448
6632
2104
2976
162
416
7090
8715
6731
1651
4247
7622
5593
1671
4624
7684
6494
2133
6079
9598
4781
1081
6326
6275
5060
3904
9849
8703
4320
5277
5358
6043
8057
8146
1552
1305
2904
1896
8444
2484
6455
3621
1808
1527
5969
8710
8983
2703
4285
4524
2368
3306
5839
7954
7766
7061
6837
7737
4170
7473
1525
173
624
4401
2467
307
327
9837
5339
5693
8960
2293
1068
8682
7158
9062
8433
5883
3189
1511
3408
3165
8267
3022
2712
8940
7114
1826
4592
5144
6832
9250
433
1188
5103
7309
1175
9488
7173
7654
4354
4617
7846
3687
6531
2953
2713
1570
289
1154
2170
5177
7390
6506
6704
4228
200
9801
3166
6422
6675
4184
2922
7135
3899
4282
9621
5676
9499
2672
2425
8274
4888
6418
800
439
6527
2554
7814
9358
7498
8028
8902
7251
8941
4141
2548
6204
3726
4503
1670
5528
4896
6729
7583
2034
9508
2028
3159
7962
2154
2903
7217
4589
5355
7462
3148
9818
3411
2711
6928
9876
8275
5597
1056
9534
6886
5566
97
8731
9627
708
6342
7863
4913
9257
6503
378
913
1049
8446
2049
6290
8074
2960
840
9225
5069
2636
5008
1636
6571
1229
9147
1807
2316
830
4905
1716
3636
8419
250
4872
6511
2396
8753
1284
3274
4076
9182
9550
1019
6059
836
1248
9458
2181
4588
6530
8835
5675
7354
8778
8757
7691
8805
7587
9956
9797
16
2975
1392
6024
5436
7381
2625
9614
5076
8214
5123
541
3708
4256
2165
6414
8097
7321
1629
4815
8665
4953
1533
2359
7338
2315
9623
9868
6123
9893
3916
8407
7401
4873
2456
4532
6041
4711
9645
6351
5752
6927
8095
4516
2621
4143
428
4949
2775
2852
5999
6689
2596
5898
7946
9155
1913
742
305
5628
7893
4487
11
5985
2346
3247
1871
2242
9179
734
7809
8130
3172
6254
8982
9326
210
3180
4838
7531
3319
6111
6309
3615
8592
3844
8006
2760
6872
9267
402
9885
4461
9486
611
4889
4791
3007
6669
9504
3652
7917
1266
314
80
1253
4279
971
4030
5831
4484
2910
7483
1114
3714
3153
3407
9579
419
3393
7396
3881
6639
3614
6369
8704
8022
7072
2875
8172
9908
9974
6789
150
6502
6476
7457
5217
6237
1472
6412
5968
6733
7629
24
4199
2559
1601
3055
9391
2189
2069
447
2981
3382
6165
8632
5935
6335
3878
7087
5143
8304
6896
2344
9080
6703
1153
7257
4407
9394
44
9959
8796
5862
6355
4608
9602
4379
7463
5925
5477
9010
4242
5695
2132
5812
3612
1635
5713
9338
4579
9547
8528
6248
2620
7296
134
4719
768
1097
8175
980
187
7866
9279
2146
3058
5249
6962
2576
2095
3820
8783
5798
6824
2799
8823
4512
8603
2811
9413
8795
1435
3834
8058
7528
8203
2771
1683
9373
9634
565
8020
3572
2180
5289
1002
1569
1731
977
1987
563
5275
1351
8386
9061
243
5309
8870
1273
310
804
5005
4936
3909
4471
2739
9494
8471
6171
6668
5135
3090
7111
5080
5330
434
4506
1403
5452
7435
7376
4770
7676
6415
8719
5181
4090
9006
203
6344
301
9252
9320
1506
508
1604
7504
3114
5659
7195
2887
8679
2753
2882
9077
5049
1700
8844
2323
7279
1202
2304
5712
9475
3832
4722
6210
7280
9287
4829
1699
3971
2148
6945
6756
5562
6411
8939
9805
2568
5364
3578
7207
845
8529
7976
3067
7742
2200
3862
5980
4449
2832
4504
5253
6134
3672
9624
1484
7717
1688
1940
1558
8314
4257
4860
2085
8600
9024
2650
7281
9851
5703
2628
2855
2009
3994
4574
8140
76
7656
622
5803
2585
7984
7340
6767
4718
1599
6929
8330
3031
1449
4044
8888
3757
5549
5650
372
1241
2161
4704
3142
6898
5815
4404
1280
325
7802
8406
657
395
1520
3256
8395
8017
2393
6588
4026
3300
7103
1317
7006
4081
104
8962
3124
2685
3324
8158
7965
3254
4189
6921
7727
4761
463
9381
296
2781
1823
5791
8114
9639
4941
3833
5806
67
5829
6917
8792
6343
9236
4489
3510
7166
7509
2466
7326
2263
7513
5362
5055
2232
9100
8283
2250
6188
4494
2523
3654
7100
7521
6307
8319
7471
9789
4117
2435
242
1334
6227
5679
2302
6421
4023
4178
9711
2167
5934
1156
8856
8416
4833
4940
9200
3499
7110
8726
9654
5396
746
3078
8718
1037
7040
7887
1628
4837
6583
4969
4807
7213
4268
3771
6160
7547
5366
8401
8848
9657
1061
9463
1710
2469
7536
1977
1348
5739
2586
5852
3141
629
351
1213
2415
1421
736
5874
2362
8612
8607
5078
5010
8458
1696
8910
607
6193
8763
9994
1870
6676
5782
7961
1474
8578
1845
7907
4600
8756
1319
3385
2986
8643
9187
6157
3231
5131
201
1463
7837
2919
6972
6028
1665
3018
3329
3651
2929
5085
6417
2221
4678
8745
4236
793
7182
2111
1535
5535
8106
4962
2338
6695
7328
5442
5237
476
8663
8206
3352
5623
5024
3807
3115
4947
6130
5732
5783
1593
8670
5460
525
5236
14
9078
6852
2837
8021
5333
6624
135
5110
828
1895
9588
9698
7439
1026
3929
9850
1367
6712
3373
3814
7148
8005
6197
3083
8011
2042
712
2750
7165
9479
528
1584
3170
8183
7010
9688
3665
4618
8705
5014
8518
4582
4594
3710
3574
5166
2899
2926
7291
909
8543
154
5015
8928
2732
5242
585
6281
9405
3173
3993
7695
6576
7759
8964
6031
1537
1631
9725
7163
5820
5509
3463
9269
71
3953
6735
2822
2477
8864
6320
9745
9545
4060
8509
1149
8859
1208
2489
9695
4959
8947
9734
8713
115
7480
6758
7818
9146
1409
3346
421
9557
2311
6179
839
522
4425
8301
69
3417
5272
638
464
477
8320
9365
6647
90
6661
7829
5001
6056
7580
9537
9230
379
8660
9020
777
7023
5454
3226
4075
5487
560
1960
7032
1354
7620
5802
3588
5948
9092
6366
1543
9380
8876
9875
5395
6730
1331
1407
2934
5854
5120
2136
4156
4054
6847
2340
786
5163
7975
4000
7843
7569
6034
459
8294
2147
1137
1303
7952
7973
376
3374
8951
5763
8531
1346
3155
4495
8428
5444
4048
9082
430
309
3602
5544
892
8628
3784
3217
5847
8976
8195
7054
383
9968
2113
3244
5607
2517
2357
496
9086
3649
5369
1167
448
4368
2224
7093
6736
2631
9207
8360
4771
9950
7738
9215
1013
1768
7352
6620
3323
9914
8496
1729
916
7791
3831
4955
3625
8804
1784
1557
3458
2234
864
2793
855
7464
1588
3835
1196
4297
7903
8253
1000
3164
4210
4978
1551
2511
6167
4705
9558
8380
2506
6998
1637
407
5937
8167
9001
9057
2045
8501
4347
3827
3101
1215
4338
9993
8822
138
2536
774
9741
6240
9369
7409
3822
8059
1349
9163
2164
685
23
3655
878
3903
3561
5973
290
7979
5145
7897
9437
9012
109
6453
9702
2372
9546
3967
6656
703
5842
5158
5629
9676
7553
312
1300
7048
349
9821
2102
6424
7391
9670
426
9523
743
3681
2384
3239
5786
4583
7219
7865
7461
6260
738
5630
948
4515
2726
7222
2332
8091
117
5631
8198
7050
6674
7269
1219
8379
4720
8634
7421
4244
499
5129
102
5654
9306
2564
7492
7633
9172
1922
5670
5234
4101
1029
1197
5431
176
4803
8029
6446
3203
9587
9573
9738
3050
4133
1793
4538
3483
7603
9122
2639
3885
182
6472
3839
5449
7576
2241
9982
2306
4
1136
2166
5470
5254
3843
581
220
1554
1802
8762
8363
6457
7831
535
4348
5215
7813
6085
4037
7445
1892
1732
6219
651
7894
79
9935
9356
6002
5222
8445
4505
7822
3555
5479
9095
8499
4863
1311
5423
8152
7077
1555
4464
8696
7314
344
1657
9911
9505
1872
1030
6568
2861
146
8977
4601
973
558
9925
2531
8667
6291
6325
6189
9878
2084
6933
6293
2853
5441
5900
8814
3761
5432
7167
7108
6823
5073
9493
4463
2879
4190
6802
3127
1212
9748
4517
7144
527
5475
4391
2794
2935
1945
9206
5122
1608
7389
1259
506
9299
3692
1398
2718
4084
5344
2328
9153
4265
9637
3280
3816
2560
491
3910
450
5089
1044
1539
7266
2849
7226
8096
3363
1234
6932
4870
9889
737
6699
4537
3580
287
6183
6752
5580
6459
6221
1475
9521
6566
5287
2059
7544
4866
7722
8989
5998
384
9448
5721
1001
8730
107
7591
6977
8872
7004
7091
2569
6331
2792
4809
5125
5506
2376
8553
5543
739
406
3309
4527
9717
4536
9696
3345
4194
199
705
8244
1438
2611
3209
3253
5453
6546
2440
7178
2579
784
3099
8115
4971
4689
7431
9412
7879
61
2333
6907
5765
4468
5130
8065
3790
411
5312
3759
1172
9555
6470
4098
7938
926
5467
2512
9694
1372
2969
4372
3444
2201
2062
9845
6677
9033
9498
6916
5414
3235
964
3333
3163
3933
9161
5771
4851
8843
7797
33
8590
5138
2721
4205
3582
2444
2502
1819
8564
311
3246
6396
5219
3667
1662
2763
6641
74
4597
9802
4981
5669
8210
6053
2331
3633
8251
6148
1492
9052
7561
4412
1428
8438
1607
7924
8023
4455
2149
2006
5455
4264
4086
4456
7045
6184
6352
8998
6218
2298
2961
8054
4248
2008
654
2783
5592
1795
7310
8346
2728
63
2851
6827
6813
7678
6115
8087
5966
8775
3802
6551
8811
3937
9235
1595
9561
1260
2850
6834
9453
5140
4435
7878
8863
9611
319
5458
2342
2534
9164
2173
7729
9117
1632
9540
6027
3206
3590
6461
9964
1812
1730
3987
5893
3841
186
3
361
8296
3038
9693
2764
2927
9329
6859
35
2595
5440
4990
4614
1023
5274
2039
733
3383
9325
4715
4550
4112
8916
6196
3255
4852
8271
6628
9872
9175
650
1327
5767
559
4453
3930
5772
4742
9785
9692
270
5709
3071
2578
5031
5537
6604
4640
103
1245
6966
6841
6672
8875
3927
2014
5245
4513
4772
5836
8630
3756
8280
1465
762
8934
4938
2800
578
3643
9384
6456
3106
7828
4942
6908
1436
3895
8559
6679
4314
9286
4376
9939
1859
7002
3793
5877
4177
131
4987
8068
5941
6952
5939
8975
5740
2152
5072
9919
3737
2881
4301
62
3330
9438
2385
7053
6487
2848
1256
8236
7550
6770
789
1316
7060
7417
7892
5878
224
6612
9244
2360
5907
8429
8946
9784
4828
6381
7880
7169
7437
7586
532
3129
2691
9697
2394
3695
4212
3725
787
5762
347
7726
2108
1186
6268
4277
4490
6273
9961
8287
8035
7868
3826
3295
313
381
6793
8013
7162
821
4746
6949
5538
2115
2944
8921
1185
5007
2527
1615
5478
3666
6100
5821
3147
8387
9409
3285
888
8807
8053
5725
5863
9450
4847
2777
9729
8584
8370
5660
5617
9248
208
2341
4108
8606
4281
6135
4980
1058
1120
6116
2612
6263
2258
3198
3515
7885
3193
9467
4931
1917
9622
1831
8949
4274
1775
3492
5408
9404
4593
2405
5959
2993
7190
5860
403
4805
5035
5056
8298
9151
7945
931
352
3070
4605
4378
6096
9337
5488
555
8620
8284
9246
991
6618
2971
8047
1458
4042
3362
4062
647
4252
588
5698
6946
2603
4642
1205
2888
978
4074
5871
4567
8824
2723
8173
8052
9589
2847
1946
9881
6678
779
7700
9806
2197
5716
2533
9322
5232
6965
6201
7142
8417
4245
5513
2694
5663
1286
853
3917
8037
2591
6454
9455
4676
8586
556
4398
6954
8268
7540
4869
4687
4267
8688
696
7519
7657
2967
7646
3236
4153
