18163
2332
7531
2408
13307
9276
8251
8109
6705
7008
3787
18430
8425
15668
5358
6695
14352
8101
12327
15538
19587
11645
18247
721
15850
17639
2881
8829
14726
2034
1220
19665
2947
3614
12002
3063
3596
11984
17497
18688
17275
12102
12987
1058
14357
10925
11404
8255
6599
13291
5499
16482
12747
2910
4346
7402
79
15476
6486
14396
4665
4245
12532
15568
6186
13274
18902
12335
13391
14517
9696
5617
315
12739
14652
11433
12735
2792
5366
1729
16268
13176
9839
13165
3213
13105
2952
12544
1504
5992
19143
16848
825
1648
10192
2520
13527
8237
19880
18376
9468
19248
17235
15228
18689
4216
15274
16390
1427
13906
19826
13592
12410
6467
12765
3218
9039
8278
15034
14110
19285
3354
3078
969
5220
6231
11943
16259
10373
10575
7459
19715
12632
10366
5937
7007
1577
2237
17426
1498
13828
12192
4166
12016
16466
15658
14737
9187
2456
10884
9546
11541
4773
12010
11101
17273
15509
16824
3249
3745
19865
16804
14296
5847
7602
9553
9204
2895
14805
2529
19902
13665
18
8484
3819
1569
6737
5881
11658
11731
8880
15786
15530
4066
2488
19725
19759
19677
19852
14029
4192
14582
3027
11280
17666
16443
4474
12843
16678
2038
7939
9847
4327
2649
2866
17160
17094
8594
15635
16279
5348
10445
6633
4502
12932
13279
8263
9020
9698
3520
15101
1321
18386
14759
9852
17055
8872
16198
18708
11548
14279
14392
17285
19278
7944
6182
13042
19162
13410
13615
7492
15545
1224
8655
16936
125
15140
12111
4117
15347
6607
2046
2300
11421
9702
10811
10633
2184
14929
3373
2479
14236
8441
17215
5779
10559
17413
17529
17564
5368
19152
19108
18929
14305
2051
3466
11871
18970
16512
17399
9270
12576
3657
15502
5404
19314
1118
14811
6384
14424
2989
5337
2768
8188
14244
11029
12971
10621
6434
2187
1695
16397
4118
8511
16635
6817
19564
7482
4126
3779
17908
7349
2128
8920
9269
14532
3318
7204
2559
3739
12330
10759
14987
15676
18550
5131
10065
1666
559
14877
12089
1907
3793
161
4809
19470
10917
13107
12545
983
3619
10930
19819
5669
14664
4225
15691
1720
17071
9083
13198
11733
19417
1715
18764
10671
6915
5500
17100
13078
7796
1592
5159
14144
8881
13493
1556
6519
16563
6976
17227
4797
5966
16470
7440
688
2024
16146
5846
15917
19859
16197
18745
9816
17373
9150
3411
2809
6247
12847
9974
9121
11284
15527
9361
5442
19071
14653
5584
2033
18228
15168
15589
10565
19119
17314
6836
4610
16293
13339
12762
12191
5517
3551
5365
10438
16957
6372
16610
3789
13092
6611
10661
10656
3640
2976
8560
17394
10627
2837
6201
7321
6292
2875
13919
19122
12696
16921
7825
4062
11608
14089
9222
6017
12271
14851
12845
5540
14204
18043
5869
6171
17276
19773
19960
15234
19992
10691
8043
4740
9676
14454
1323
7028
18731
3117
7758
16633
6298
11827
18735
2616
14433
3212
5342
3211
13315
2499
4944
6575
12306
18114
527
19236
1018
12375
11106
250
14881
15353
789
17409
6877
2924
4107
8323
12053
2638
18505
2401
1293
11912
4488
19568
19072
1166
5936
14970
3250
1528
13547
2266
1804
2804
10591
14685
5622
14399
9333
4537
4032
7296
3100
16971
110
5599
14434
16830
6479
355
18495
7220
15191
18233
19004
15933
15372
16573
10628
1890
18945
8276
12704
6840
13833
1005
2134
9949
5805
8416
8667
689
16661
16064
3951
8156
2387
2538
12824
7897
4386
8218
709
3720
17204
18380
1773
10401
9437
136
9320
4982
16222
18755
14848
14335
1325
13787
2872
11383
19991
1373
12099
1550
2877
13253
2363
18419
6111
12914
7395
15815
19812
14503
16532
4359
15964
10991
2710
14939
12660
9080
9226
19972
16314
18988
2250
3979
9136
19529
720
1087
8297
14324
11869
8772
15356
16415
5315
4194
16139
18014
14053
14858
17308
17509
8700
9358
5676
14457
10253
7972
18276
13695
16172
33
19387
19264
5326
6968
18848
13646
18898
5223
4770
11556
990
3480
15282
6783
9093
823
4120
9782
3327
18659
15784
6287
15951
13338
10980
7639
10258
1178
11715
4558
18382
1163
15608
16322
19416
10914
10307
9690
5554
2131
11686
72
16640
1683
13368
8047
1917
14141
16767
14790
2863
11738
14544
3176
6427
10242
10394
17152
725
4618
9643
5614
18507
17362
11493
19023
10273
16673
6824
9334
3698
5484
17645
1684
9544
2064
4778
16353
8489
17201
13966
14117
8557
13858
17765
5821
4529
1377
5258
2243
7096
18206
12650
2990
13347
6419
19433
10990
19316
2579
3361
915
4368
17648
12715
10875
3712
6805
5010
11749
5031
3349
17265
18174
7380
4847
17132
3092
6594
5240
8177
11263
11630
12786
4837
6374
10372
3020
7175
4086
17741
13219
1342
1603
9007
169
2028
11817
16899
8759
3776
1157
15507
15042
14628
6129
2896
13136
8773
1830
5811
12030
3539
2609
4306
17641
12984
11434
10257
17111
10507
16468
13231
14992
3394
17876
3096
2056
18383
3653
6989
14060
13534
2244
15089
861
3350
964
17377
12458
3290
11620
5902
7807
19730
3959
12396
15085
4950
18718
8453
11789
11362
9493
12977
7084
10643
4209
8333
78
9490
7224
15806
3048
4860
2242
3523
5944
13083
12983
1649
6469
7603
18369
9632
4928
18361
5956
628
1459
12450
5171
18687
3942
2478
6876
18606
12199
550
18399
1043
11116
215
14940
4626
9502
11672
946
6688
13012
3378
19997
651
5083
13340
15831
12103
14712
1706
17770
4224
4106
8713
16249
4003
5387
5684
3265
2413
9930
1884
5228
1247
13642
11744
19706
4904
5809
17142
18412
8472
19634
11402
16364
17651
13576
5209
10570
8204
18833
16344
799
3719
11828
4977
7368
7030
1696
18312
8575
14558
7535
12042
11665
15572
5098
10009
9577
12535
5961
14696
3404
14192
4726
19613
10899
6500
13395
16376
5233
3495
630
2842
1762
17936
6870
4023
3070
12830
11714
12642
2617
455
2902
5079
7756
8355
2325
12440
7515
11991
15172
2513
1086
4173
9040
5679
6581
19976
14620
8573
19376
11679
17301
18308
13464
7340
1278
6535
10287
12409
9279
10931
17011
13681
3389
9481
1281
7399
16796
14094
10166
7534
4793
4204
11531
19718
8704
10897
11873
12500
11111
533
9548
4741
5332
11083
5299
3325
5172
8518
10261
18776
4012
16648
13931
11258
3395
615
6179
4300
18754
346
11096
6181
10525
8016
1546
5246
6512
4402
279
14091
9802
1369
10074
7798
1134
15057
9981
11318
266
10753
14748
19658
19768
3587
7090
6634
19300
9611
146
4564
11021
18910
3499
11902
4223
19375
1583
18696
16066
8761
18404
18217
12806
2979
18878
18555
13850
4865
2601
15370
4734
18532
17854
13795
7769
16099
11158
7802
13779
14827
6156
10195
2922
1057
8120
13007
13505
6212
12879
11332
2817
19983
18213
4047
4332
3800
18772
734
14023
8403
7609
6623
6829
884
4413
11709
19171
9120
10819
16054
1311
1855
12670
9532
17036
15325
12634
16292
5503
11590
2708
4431
14134
15798
13567
14865
19273
2741
9603
11616
17346
15474
6538
610
17025
19798
10219
18801
18469
17926
7788
19746
5041
19641
7738
11674
3028
10937
17756
4198
14157
6956
1446
17313
2933
17400
9772
10032
718
656
15940
15848
4802
14298
13551
15803
7728
14872
15212
8786
2515
3410
9869
10136
2512
5626
13163
16885
7437
12993
12844
19855
6833
15709
11104
3686
11004
4262
8083
1956
3978
7210
8064
3669
17514
15103
18085
10638
6957
15134
13579
12438
12792
2334
12685
7464
5346
12406
2874
19758
11338
6664
1386
15226
19355
14651
19779
9355
3079
2787
1948
14412
5072
14802
6107
18298
536
18287
14084
17956
1816
9703
12448
9444
10128
8900
8577
6628
17128
12234
6565
294
13235
17652
17771
17674
7731
19495
2277
10669
6075
16272
7087
6024
10993
1218
8930
11833
5586
2195
2380
16662
8899
2132
12070
7364
984
7831
8608
8336
3517
14742
526
12511
1284
8391
3722
19934
233
3190
11131
12163
6266
16863
8694
18338
11812
10114
4480
15264
13079
18377
15481
5542
12115
19605
17892
9748
7285
15947
15711
2057
2466
10129
14604
6187
580
18231
6199
8926
9850
977
18297
3954
6592
6196
15779
9856
14542
10079
19260
581
16423
2458
7686
10585
1611
15945
8374
19572
9285
13067
6112
16083
8633
1929
1265
11327
8131
2106
6232
7497
9795
7809
842
10492
8688
18569
19400
10940
11213
16506
2527
1255
15086
2917
82
6561
1490
19068
5002
1067
5964
10368
11557
10730
14702
2438
17002
18722
12655
3097
3997
13261
7297
1437
16050
17612
10619
2218
7509
4344
12610
15128
11191
2891
7795
8150
17698
12800
6180
14176
12216
8852
4073
14767
18975
7598
8514
14456
11956
1434
6462
17165
19179
5466
7772
3750
13170
13365
10867
7658
15059
5476
17521
16455
19989
4320
15366
13884
7732
4598
14843
4523
6334
17598
13097
1746
1283
205
12279
13515
12540
1937
5124
12826
11321
8669
8963
1414
15100
13780
8034
1076
7717
16130
12415
12460
3015
17172
1843
4464
14250
13209
5414
16567
19794
3026
4281
14183
14050
9292
7651
18666
2925
14124
8344
18989
775
4347
14201
8358
1906
1275
13933
10336
5410
16823
7059
11312
4285
17014
3101
13736
6626
17891
2117
17127
4881
9197
17032
9525
9759
1713
6376
13876
19673
497
14846
8595
7684
14471
6481
11954
3813
2318
7856
15336
13041
4135
7216
5713
17602
5218
14663
16103
5140
1519
12245
4352
7319
9365
116
16852
1659
7646
6097
8610
6021
11102
18054
12799
4534
11742
13494
10705
17318
17875
15961
2346
14198
10739
7410
13468
17872
364
14870
12883
12684
9298
11091
19924
6135
6794
18517
7516
17794
13501
9477
9519
4591
12815
18545
18091
5685
1117
14584
4760
19219
18026
6327
19796
18515
11156
9600
16251
1986
139
18418
2893
15727
1502
11762
18683
12422
1453
11254
18681
3139
17119
15699
6217
15787
2007
8660
13821
7023
12608
19547
15835
4348
7992
3172
10050
10315
19708
13344
6030
7108
14206
2036
7657
18209
17336
11803
3374
3056
6918
6837
17951
2193
1501
62
17384
16071
19829
821
15465
671
5146
4354
16451
16697
5704
17195
3491
12131
5306
7616
17537
11639
18466
8966
9560
7041
7330
12702
1822
14728
4452
15027
658
1122
12074
15957
6388
235
13788
3362
4805
11456
9913
120
9769
18650
906
19869
15918
6235
17525
2950
6336
9636
15539
6122
14322
13998
8325
10349
1408
1436
19040
4988
5447
15931
6174
15197
14830
5145
477
9922
10358
12197
2201
731
13246
10423
13077
3604
9394
4625
9070
16167
19919
8329
1723
8823
8175
11455
3869
1643
19933
2350
19704
15593
13987
19379
13471
11007
2102
17294
9505
6516
3196
17510
7659
13031
9742
15548
1531
10536
8724
7295
4461
15526
10211
5330
19701
11486
11109
19436
5901
17827
10254
14669
8803
12784
13868
247
16195
4232
16034
17342
2457
13100
10497
593
9068
794
5612
16781
6651
16772
15907
12086
12695
1722
6580
19998
15644
16739
15594
9483
18240
19061
17398
2568
3228
19598
18721
3895
11261
17397
1652
2785
12633
3522
12832
2726
351
567
6934
561
1226
803
817
16383
1977
18525
11031
151
5605
12522
19075
11319
17241
6108
15899
11271
6961
16206
4542
18852
677
3975
8382
15832
17283
6290
12612
9723
4653
11804
11850
3289
8741
13969
5013
3595
10546
14300
15943
13120
2009
18518
13490
19156
7283
6543
16741
4662
12564
3275
3208
17754
4357
8287
14202
18890
5162
3621
8606
1423
18906
4385
5827
15534
3815
552
4393
8911
10676
4627
17548
9018
18680
18628
10742
5103
15236
18093
2882
732
19764
17993
2494
2109
18395
2307
9792
13502
4931
6361
15186
1544
18183
7448
7943
3011
13116
19380
17847
8437
3532
8282
8466
16418
972
12653
17163
13685
15966
15905
18077
13543
219
9807
13269
4244
6051
19784
11075
8007
7664
7941
4702
9132
10475
12945
19562
12231
10667
8596
10946
10489
9185
4053
2256
14154
14907
6167
14334
5199
11364
348
5645
18834
14188
15044
6209
5954
4897
19943
1266
2921
15655
13789
2648
8545
11757
18861
10033
15489
10402
5840
3982
14809
15349
17322
17846
778
17217
1672
1687
15151
6393
2823
4380
812
9834
5093
11307
18591
14949
6909
11277
6059
16252
5311
15065
16202
209
4818
16270
7024
9092
2147
16644
19047
9412
3371
15320
7064
5639
2591
766
15735
11507
4694
12282
814
8871
11996
15628
8768
9102
19645
19184
18256
4108
4282
15573
5852
15521
2173
13108
17797
7885
10541
10308
10498
3946
2234
2892
13189
10434
16586
566
19131
16392
6679
4955
10268
11454
16400
1259
3074
16184
9924
18225
5682
18307
4683
5446
14716
8548
3671
2704
2084
11436
19906
7872
10015
8791
11953
6568
19836
17843
17040
18044
12368
7456
8998
1590
8192
5772
19614
9717
1212
5654
15585
3288
10191
5136
15029
14614
13010
12953
2784
9484
2153
11538
7098
18540
5717
6267
12740
11365
11086
8328
18403
15747
13686
6272
1673
549
2589
6409
19066
221
16061
3578
7252
12738
3591
16518
6818
15088
10634
19617
9238
10939
13718
4064
7222
602
9032
3282
7787
849
14982
10701
17959
17650
9302
9810
2260
7678
4762
9003
15222
15910
15238
18823
19527
1743
10727
5253
19206
4287
16956
10312
14359
13126
11207
13446
10985
1698
1012
12402
7418
4211
4838
1095
15875
12588
10123
7597
19349
19147
10302
2426
11344
4649
17076
299
17725
9972
13625
11879
520
938
14937
4489
19267
9252
16265
18565
6981
14115
7075
14051
3518
4750
4422
16435
5527
11558
1730
15948
15764
10419
17312
17088
9878
15239
1571
13144
3994
18497
807
11463
13249
9954
5828
6018
11144
19749
8611
3659
2276
17778
13704
11691
3142
12101
6782
619
19382
4215
19638
3777
10088
6491
13257
11668
13940
15679
18640
18310
4477
18390
12194
13911
7878
776
445
3560
1056
18936
14001
13973
11642
10106
3210
16652
3348
14102
3445
11826
11760
13213
6540
15791
17576
18768
16978
10353
5215
18657
3244
18416
11808
18384
5764
17228
10645
11358
1060
760
18039
8826
2444
17625
7458
11583
18824
9506
11844
3519
5156
9008
374
9428
15795
19606
15099
10264
7209
10170
18303
1125
18541
1846
16387
5048
18239
14151
11516
12584
642
9312
7378
6424
18269
2257
12886
17427
19575
13086
2718
7742
16841
3181
17899
7725
5154
11129
14841
11851
12707
3852
16182
10834
16474
13705
9310
10779
9886
11380
3136
11774
14624
16303
8062
14824
4055
16816
474
8019
15934
19374
18855
16861
802
15115
13230
4663
16244
11822
16161
13862
17759
14385
17717
19315
15853
5245
5076
1146
7729
1238
9576
3983
14613
19732
2844
5844
6698
597
18600
9625
5398
11019
18488
16291
13506
8625
18368
6677
18742
16132
3913
6872
644
6999
19166
6906
11266
795
16732
2125
8464
7354
2343
14945
6160
737
2840
8662
9354
13863
10030
5939
17958
17570
19839
18992
264
6454
16626
12085
18771
1177
2358
6224
4678
19422
8244
13638
11288
1928
7886
4491
15230
1327
9498
2172
7304
18339
4485
19091
4670
9117
3436
15316
3487
18964
7908
10896
11302
14291
8302
7932
6564
2598
4115
2202
3557
16839
13142
7496
16377
17837
5040
16117
18897
3727
13714
2450
6276
15156
18578
8712
11599
17408
13875
19604
17990
6081
5015
18255
12281
6790
9514
9965
9107
11329
13483
18705
15225
6991
19242
3814
2095
4404
15552
4094
15207
16237
8997
27
10432
18309
18595
3255
18998
11003
16834
2833
13128
10458
6269
17420
18144
11281
13117
5261
19297
4922
3151
19322
8135
14854
3902
1799
14159
19332
372
8975
6507
17680
8844
18849
9090
13388
4093
13766
14592
15586
14504
8492
1120
6656
17435
8359
2725
1020
6661
11159
18202
19337
5340
7541
7518
13531
8009
17952
5947
17214
5184
11385
15822
13472
17383
17358
13151
6702
7566
9761
1827
19005
11354
10974
16572
15702
13693
19654
18719
13396
14656
11661
11807
18973
11137
11049
1384
269
3089
3898
8015
15821
8299
10719
3877
14441
835
751
189
11478
8708
17137
18216
9927
10205
19057
4240
19979
6602
2037
2194
3230
712
13621
18513
12158
2280
16321
11460
15333
2525
3966
4979
8822
2096
12325
17705
434
12531
6502
17679
17622
8912
10145
8381
5931
13329
13749
3341
5379
3748
9606
17628
2495
13204
531
13640
19133
4816
2637
17038
212
11224
7586
8301
166
18899
1968
11057
9336
11913
1512
4414
9800
17286
14799
11171
7189
3328
6834
10823
3584
2405
15178
13896
12640
6110
10464
1891
1193
19293
14572
13525
16234
492
18476
15706
13000
961
2620
11260
4449
16925
5411
17197
933
6693
3599
7937
12190
14554
9684
17108
19197
9087
15322
16008
11339
5574
8408
9191
11856
4553
440
9433
10463
13965
7680
7077
1532
9085
1417
9110
13390
5991
6483
14891
2685
8656
12708
5967
1801
11241
15367
7000
19554
9612
4430
8061
14465
4913
18693
13975
4733
380
17601
9465
15206
16524
3399
55
584
16945
1357
11748
3165
2353
8419
6832
13899
5572
8928
5872
15416
13133
15707
6355
11937
19307
3912
8582
5006
3610
14130
2330
1607
5995
13433
16822
14617
15959
4143
1488
3892
1304
8716
4207
1061
4937
8671
5468
17614
13849
17274
14370
8213
19742
15122
8497
8554
12989
7160
9656
4112
16088
14171
18866
12905
15450
15525
11773
3082
4158
14445
17104
5003
9957
10457
13521
12124
9482
14448
196
5802
9352
11172
8493
13717
2294
3287
987
4781
3763
11823
11854
6442
11544
5886
8626
1458
9955
13351
2003
6470
16686
17091
12694
6399
5052
11443
9977
10138
9580
16613
15125
9719
1230
3592
14810
3526
5531
5981
5749
11924
19478
10220
5375
13223
586
19404
6142
18607
19868
4221
9695
6003
17549
12205
14086
10168
17851
8775
16810
7612
10204
13639
17884
19465
6800
2641
7583
18330
2901
17528
12355
12681
11724
18502
8401
16928
10174
18846
2828
19281
1071
15690
9727
5908
17565
3029
17252
9263
19662
4857
12689
4759
1636
5132
9166
2253
18350
10164
3158
11800
14606
3832
16444
13689
2473
12097
1171
5045
13277
18551
6680
1274
7379
6848
15602
13336
18168
14212
17623
6894
6711
2957
11154
425
13423
18888
2264
17829
2656
1676
10066
13491
5580
16010
14469
18572
3549
9469
16090
4366
5489
571
15261
10545
5750
13750
14574
2404
9327
16552
4490
8624
6684
11276
7124
7977
12787
13882
6609
3886
10689
11925
15767
7577
15890
3189
3324
71
16692
14073
15520
10337
14160
7860
2576
2639
8977
15978
6792
449
18323
12587
10267
16084
6899
10743
13889
5445
3660
13526
12869
11947
18780
3262
9947
9819
15754
188
13924
18839
9889
16445
6435
14814
3808
3704
816
12938
12746
5455
10680
6762
18503
10749
19726
16866
7888
13098
2690
5429
16147
8943
7453
14267
7232
4674
94
19240
12462
17729
12550
9700
6253
10149
8438
6240
4835
25
6065
8931
19626
12958
13851
6843
4878
14989
18258
17624
2251
17047
2650
8106
17966
7866
10711
7789
12166
15661
13271
10553
4647
19533
2766
4998
11425
1031
10112
10235
701
9156
8692
9031
5578
18082
43
4308
3099
10838
10613
9920
19093
7415
11325
5653
8415
14377
16267
8292
3192
9582
9323
17893
15985
6165
2664
10183
10581
797
8481
6589
10345
838
16629
10334
13666
560
19448
3175
2720
10255
14056
8186
1301
4940
16248
12300
6083
12000
17049
11069
7205
5449
19854
7960
2592
19134
18549
19942
6749
8165
6349
15935
4764
6032
18566
13771
14169
5551
19644
5275
9995
13618
13112
8367
334
10537
15396
5604
9664
1632
7400
10142
7198
14630
17279
17776
10903
2926
1821
17894
13321
9374
18402
623
14560
8396
8995
7584
15965
19789
5703
14213
10365
18162
19210
6113
16666
15692
8430
9773
6001
5049
19245
17109
10010
6027
6996
5433
6116
4748
15267
12093
12753
14220
1482
10314
5271
19059
30
13854
3626
11282
13025
9139
17516
13051
9174
15906
11519
3537
4978
12643
4597
18347
16136
10501
14294
450
11274
16988
6799
1876
6841
17238
13513
14835
8869
13181
2351
3016
12018
5618
14598
5780
831
12840
19712
7915
306
12132
870
19686
592
12667
14076
16487
4102
9443
10097
10413
929
5598
413
12758
5241
9115
26
9809
395
5360
1449
2894
6941
9583
13488
5170
15354
13782
18132
9732
2229
9133
19573
15878
11078
15429
11627
14354
13800
8098
9127
16609
4374
3054
19543
10561
12421
19001
328
640
3995
7174
6757
4275
542
9542
7818
4052
10540
11132
2555
4265
15311
18022
100
10225
7262
7785
774
7490
19741
7676
14009
17350
1119
7685
6513
15410
3431
12599
16996
11513
4606
6452
4996
10813
11712
16922
13589
12772
7604
5918
19488
17857
2806
3472
11839
9434
11047
18561
3835
12866
9002
7416
18129
12611
4468
7102
12976
740
16452
14006
10341
17396
11514
6974
5160
8780
5887
12200
14602
16903
13989
16637
19202
18493
4799
14815
13585
11635
17538
3153
15942
17655
6492
2810
12804
6499
17991
996
13841
9774
19894
8747
2587
15653
7215
13292
12479
4911
15064
11940
9284
11152
9713
18582
8482
6259
8521
175
2137
5211
1623
11552
1394
5955
12319
1633
15061
12705
595
16542
385
7371
9487
10544
10718
7973
5349
1951
9147
6297
10755
1598
14528
10325
16209
8501
4071
12187
18872
13342
17115
8641
11453
6338
1204
3000
16017
19306
12598
6555
10406
2918
17849
6405
403
1748
4494
16754
17479
14203
15960
5951
5033
13684
15113
15408
4036
591
13753
9210
15609
19190
12921
16437
9370
9783
12461
13775
14464
12996
6686
13922
15888
3872
14215
7141
12929
11494
1242
19324
6514
13214
8953
10305
11114
8487
2677
6451
159
5941
11249
18428
3969
10153
13914
1450
3794
14778
11655
1586
13634
11343
19660
14856
14152
16620
3014
3299
362
3143
2621
8637
8707
18985
7278
9568
15536
7383
16465
15469
6426
17129
9466
19397
17324
12275
17189
17519
558
8563
3094
242
1877
3612
4042
4868
4278
7830
19828
2663
15672
13008
6048
18854
5691
17963
13747
12974
1979
4821
12543
16906
2236
10664
14304
864
2937
2076
16154
7581
1235
11216
254
13440
336
9956
17581
6013
6731
18300
3734
3476
8
16773
11130
4843
2312
15460
16733
8976
3688
9729
10173
19958
17751
18201
16569
2853
11001
19118
15874
10717
5381
9758
14917
7089
18223
6386
9485
5495
9042
4259
17722
11323
18426
13276
7713
12757
8571
249
17942
3061
467
16634
18104
5865
15732
15167
19452
7046
15640
9351
7117
11997
3564
12728
15817
7370
5550
12130
6539
13805
11932
8494
1539
268
3447
13990
6898
4686
6576
6261
2480
12527
14342
2859
15087
19995
202
7799
8021
4787
16193
3795
17785
19734
14490
16983
14136
339
6573
12794
9561
17099
16991
324
19199
18869
3757
8726
4568
6650
5776
5290
5590
18296
2719
10363
646
17181
15318
2848
13891
17382
11407
5725
14739
5699
113
13679
7348
3905
11406
15916
1909
19507
11181
19477
11883
18592
18520
6009
5336
8528
10304
12919
9277
6447
6939
9585
16894
2507
473
14595
19539
8361
7957
15700
18246
300
14386
7548
3002
976
207
10386
15161
10684
16203
6325
19655
14391
11239
7493
6570
321
16171
5208
6574
19253
2706
10528
17526
13673
7058
7558
4269
12665
4609
13647
3103
1591
13793
15898
18757
16716
10210
17953
705
16889
3335
12615
6759
17325
17242
12083
12656
13319
8395
6214
4908
9914
14565
17477
18584
19843
13487
8695
14429
1447
18646
8746
8189
19286
9641
19347
5783
5940
4894
19121
53
16578
9778
14447
1006
4362
9288
1355
15116
14784
5426
1825
5634
15505
15908
13847
13549
11587
1191
15717
4331
1059
8185
2995
5307
18727
2575
12465
16565
1367
16243
18761
19006
15748
16538
7449
11479
15040
10217
16585
19180
14036
11719
9522
19084
5630
1860
1050
6670
18186
8605
10139
17085
8128
19968
19083
13840
504
1339
15077
8689
9776
17630
180
8903
10126
7626
9539
6378
1349
15941
5692
16490
11610
17873
13197
14525
6897
16185
12015
7755
11771
3744
796
11017
2578
18220
5068
2068
6913
1455
9054
3923
13769
16671
7183
11092
12443
2072
5790
8835
18618
8891
6117
5343
14041
14302
10767
387
5796
8172
10095
6699
6362
19633
4585
1205
3857
8286
1794
15567
10280
11999
11076
8084
840
3797
2082
15801
8102
2424
14707
15680
3851
10295
18234
8793
18017
13346
5689
9672
18452
3467
19735
8216
3323
8999
6425
13341
10323
5444
1194
267
16854
3214
11600
18802
11170
8988
17
3308
3679
5282
10202
5631
18015
5
7270
2402
15517
7770
6029
17533
16949
16969
18752
1521
10443
18040
11801
8532
8864
4379
18249
3580
12393
15364
15102
4291
14844
10002
5390
15249
15397
11125
1735
15721
7192
11247
15813
6861
10318
9206
12342
6354
17255
19136
8873
3949
3353
5243
19336
2635
19170
19834
10624
11761
8050
12776
4182
13287
6353
18032
3721
17513
3073
3392
11100
12159
204
5813
7975
11689
10750
10004
13540
18851
5511
8167
5884
16245
1310
16719
18138
14887
18341
7206
3607
14750
17005
10282
57
13913
14819
19411
3227
16370
2730
12447
7009
18151
2813
11093
7100
2288
10789
2310
17587
4571
1011
16560
7154
16864
12351
19591
12492
11186
5283
10746
10343
2446
6718
6562
1245
18935
3529
92
2021
15021
13400
18438
4727
13185
16346
7156
10407
19313
11876
1412
14522
9797
18779
10659
14671
3818
13191
2093
7359
13834
19100
8234
6649
19980
19970
19301
1524
6067
19631
18930
20000
8392
12575
2248
5259
16682
4446
19088
1761
19410
18769
19074
7417
10520
3840
10124
4378
9462
12424
8031
16047
18987
11964
16929
12476
14258
12399
11382
15601
6103
6319
5925
5335
4496
15547
5552
12480
17555
726
7503
10410
16871
7768
17437
14353
12683
12720
17606
19643
3791
6317
3586
17910
14317
9562
10736
3538
3986
19385
13653
12936
5592
10590
4867
2461
2909
18060
11185
19031
8455
629
16216
10567
10222
10370
8349
9385
12412
3302
18954
1540
3344
6740
1581
12329
381
10911
16092
3625
2943
1438
13522
14400
7653
804
13063
1667
12923
10000
4854
10703
13819
1082
1078
2183
6701
7636
9403
18097
9234
18066
7322
9712
13510
1505
16884
10292
10187
16908
6220
5380
17559
5720
2583
16858
4136
1314
6237
5560
15291
18971
7214
8581
8020
14333
3115
10839
1513
17374
3899
1054
11985
12773
10533
13575
7689
2526
15845
2210
11632
16211
10470
7700
1159
14458
15196
10269
9021
16003
3141
1176
7511
12790
1654
2643
10932
17673
16699
18587
6603
17218
9217
16911
10706
13890
10989
11572
3984
3548
2422
13810
19528
415
7050
7047
10466
8347
8945
15996
15840
9421
1493
1129
7773
10144
12388
7040
11167
1997
18379
7250
11405
12240
9639
3531
19231
15017
6430
7707
13605
4535
15518
13452
7776
18414
2299
8808
2345
69
16901
3317
4657
4815
14364
17506
8693
4462
9019
19003
9693
19911
16417
16159
4089
12452
11605
13036
10194
12430
19116
5826
7286
6413
3987
15308
4110
16703
9540
14172
8261
9875
7083
3169
13785
18084
3863
12006
11449
1253
14644
16419
10977
13478
5256
19298
10044
10865
1307
5457
7180
784
8715
7507
2960
9531
10456
11346
3203
15231
4557
19490
7907
16543
12674
19188
13925
5324
19365
40
12781
5709
12391
4056
12057
3955
6004
11592
17046
15187
18726
7181
14240
18751
11816
7791
17912
17251
17375
14310
7921
12028
6529
563
4371
13892
17563
12937
3485
11330
12096
13166
15660
5565
17361
1225
6410
16770
3235
14634
4592
14976
19711
1346
5270
15788
14577
2022
9951
15590
1239
11390
10876
14534
8389
10915
12080
16965
14349
19262
7892
15802
3426
8073
17345
7994
12835
12730
4092
2654
17845
15053
1886
5581
15607
4391
2069
11204
3804
9417
6717
2148
9909
1360
2843
7436
10216
18679
17092
17300
10036
19269
12793
5885
12659
19311
13770
2949
14724
2133
3718
4356
2967
14899
6245
18624
19616
5389
1094
14037
14871
16194
1379
19769
3885
1207
3664
6130
1779
12682
2878
11596
1938
3123
19241
12043
17569
9194
2174
10293
18119
12126
16794
14450
7763
14375
13804
6666
9885
12162
6114
6537
8696
1742
17745
7643
7177
3729
1564
6066
12955
15936
11598
7385
2110
17878
16621
6949
7828
1613
6109
11228
2631
746
12778
9888
15592
2119
19215
11024
10812
5423
18690
4310
14699
14329
12992
11145
10061
1957
2252
3424
9079
3717
8714
11097
5512
5537
1628
2080
16930
19346
19181
11968
17221
11688
34
6619
13564
12917
7552
16496
12791
18560
2951
14927
8281
11384
15901
15705
8085
15769
19878
11265
14480
6216
12981
5668
18626
12128
19095
7595
3458
18627
13281
1263
7563
9558
5926
6094
15493
2323
14911
2835
81
5719
2415
618
8454
12566
7244
1170
3460
2030
12071
16325
19403
14509
1070
12293
3248
2491
17048
16985
232
19052
6866
16456
10618
12432
8180
7002
3477
6871
14046
9543
1599
19463
9461
3617
15546
12437
16724
5018
18494
18979
15447
18830
2112
17707
2916
12538
5808
5972
17041
8738
13027
8200
13600
6828
9190
17029
11496
13602
15321
9535
7990
13200
14079
16584
8645
8272
14947
12100
13362
4642
3462
13560
8060
14039
13180
17895
7288
5459
7867
14533
1705
3366
13842
1895
3413
6383
16650
12054
13823
13066
9427
10249
9101
12339
11107
6521
10677
24
14020
2149
17579
11767
13767
4514
1467
14683
12596
163
4333
10947
13222
352
6271
2574
7422
8541
2418
19503
5094
13722
4435
880
7589
14253
17191
12475
13512
7336
12138
1010
7611
1990
19949
4273
13045
18417
3071
4220
14227
14061
14487
16663
5295
15480
12813
5486
15428
6721
18668
10275
9148
12486
5877
1047
13463
668
12982
6553
7514
7697
18482
13439
2177
2845
5559
4698
8285
7169
10605
15259
2008
7129
8797
15250
370
7020
17166
4775
18980
8253
12556
4711
12725
18481
9451
7715
15904
7264
7677
17852
4139
18004
12637
15110
17247
16778
9743
6683
14315
16603
672
10551
14619
9316
4530
10787
14297
11073
17833
15415
12058
2282
2651
17482
10733
920
1638
1734
2604
16859
9113
8672
17486
2539
882
1108
4082
17977
16125
15440
7662
6710
16882
7042
13130
333
15245
1422
13930
6515
19213
876
911
2697
18446
6545
19288
9764
18994
5837
2573
8100
1433
9623
5912
2485
13015
14106
1740
14435
9596
3807
17763
15418
2569
11860
17074
17915
8721
14376
5437
14077
15301
5407
6819
14432
15971
11467
11525
19817
8559
7248
3561
13820
16151
13426
3695
16339
4905
4248
6845
6401
1566
3759
11781
8173
11188
12646
2462
5906
9595
9357
7487
12203
4706
10713
564
5950
13059
17359
14285
16477
3195
18086
15641
13101
11852
3602
2002
4744
12894
14779
9527
12503
11010
17832
1787
10448
18616
7820
5044
13825
19158
14581
14223
9854
4693
1014
14879
15826
8000
2464
10068
18991
6987
7726
12021
8091
5297
1398
5078
14214
10063
14953
890
4390
12928
7239
398
17353
19791
19845
16023
14360
8313
2231
2535
9958
11122
11200
2273
6077
1542
18348
12627
9828
3174
18432
15285
8025
453
18867
7345
18005
309
18340
14684
7557
16429
3703
15718
4949
8616
7479
9475
18649
15095
343
14991
14414
16611
3927
11139
18863
19900
8029
2500
6764
18425
8467
15455
8042
8862
13457
856
7629
10172
11242
15569
7550
18817
12985
9325
15464
19610
19229
13936
12294
14703
4373
10046
4119
14229
3862
4024
18128
15174
7478
15098
13846
14430
6464
11979
4029
5793
2759
1936
8183
11581
9587
16759
1320
13053
12436
4710
15724
7528
18579
468
16576
11135
5263
8277
1629
7852
8063
8507
50
10734
13737
7147
5090
16832
2702
16654
112
18544
19128
4623
14233
4973
16695
9241
10008
8470
10832
2161
4656
4334
2283
17841
11983
18539
17116
12964
6675
15870
18496
3900
2900
19472
7568
18146
7195
13812
11903
12745
111
3284
17355
14366
578
16298
13584
7712
5357
14996
61
11119
18161
9725
1188
14111
19146
12242
1798
1362
6190
6343
18947
10771
7061
13298
11275
15419
4756
386
1944
4189
9416
9366
7251
17902
2150
15482
18391
8463
5204
176
4054
14070
702
3474
14772
8230
11293
1133
10263
11389
10602
10020
4252
5506
7619
12821
19275
14657
11217
10637
9969
14
15973
192
18242
16199
2832
5708
879
19111
6665
4541
2311
1879
13345
19541
18290
4237
12249
13158
16631
14549
2968
898
17730
18370
2460
15674
4337
2365
660
4560
7374
14158
14187
322
12649
4970
17303
1469
3768
6729
10768
3237
18734
7289
14179
14689
10086
11957
2432
1869
7086
16807
17774
1213
3247
1671
11379
397
12851
9060
5082
11582
7495
19308
6958
3594
5977
14713
12420
19818
17406
19981
632
14966
12139
10118
12483
14738
8082
15720
4533
14107
5470
9135
15344
18079
17508
16094
9755
14162
14413
17476
19502
14126
10459
4668
9790
1105
14529
18316
18098
11532
12262
16757
10487
8959
19392
13648
12189
17112
13193
7766
12775
17636
18055
17430
11210
18170
16478
4619
8158
3150
2758
7429
10243
3006
11233
12617
19899
5878
18226
16672
9326
5535
16687
14593
6119
11348
18767
18577
4800
2258
9177
6657
16760
7761
19129
5284
3958
1448
16316
3765
7765
4769
853
17141
7962
4377
18367
2816
2969
19432
10586
5350
18547
16271
10417
1750
5430
14195
6496
534
7920
15556
9273
9013
3116
4338
19922
4388
8033
14224
19480
11393
7313
7419
4808
11356
16795
3573
5893
15722
3397
13985
4916
12308
17696
17590
19609
10783
10906
18623
8901
6396
6741
6625
3941
16144
14566
12663
12025
5993
6663
8585
2020
4419
472
51
3131
12547
11636
13481
17924
17012
1420
7111
5485
255
12266
926
14021
11314
11565
12349
9628
1368
15561
8369
3382
1781
10692
15484
6158
11290
9195
1312
13532
17997
1219
16078
15857
12434
1234
16307
904
1851
13742
13809
3689
11926
11441
9230
12398
15877
10572
6345
14550
17900
7051
9069
6098
1817
13667
491
7674
6822
18901
7942
18243
1893
5987
11369
13958
12218
11068
6463
691
2384
18506
19600
1579
18289
13443
18173
14896
7759
9733
16685
13660
5205
7655
16351
1509
9246
4270
340
10888
16679
8506
16867
16067
4510
8217
13725
311
6773
4876
19049
12881
761
5195
14101
18831
16427
6277
19757
13352
15824
17658
16133
13649
6159
2083
17961
18056
11900
19019
9237
4005
10057
11197
7792
10356
13831
308
9862
1372
2331
4509
17439
12551
2319
18580
9517
10975
4853
4403
19430
6598
18699
6910
12870
6039
16785
9634
9963
19018
17268
4150
186
16579
13415
19927
16368
17213
10827
1678
18858
6697
18786
6930
9404
13781
9950
12652
18204
8996
13331
11398
10971
4124
19755
19494
7840
2652
9629
19727
14975
4063
14967
9424
2699
827
5659
4467
7467
5963
3489
16430
1236
3565
5980
6601
7969
4067
1679
8447
8857
15491
12819
2912
10555
14859
18089
5589
17736
16155
7648
6395
430
17840
3651
19414
15313
6992
3533
1704
9199
4575
18485
17653
7018
8207
6450
4980
2039
3753
9640
6068
15028
2303
17974
13445
1708
679
4466
160
10878
9406
18328
4516
11855
12635
3337
11634
16348
17715
12027
3597
6146
12967
2548
16658
1949
7599
10262
14773
19588
10731
12585
16594
5397
102
17425
2958
16386
5528
8980
10196
3666
18913
10221
13674
10607
12419
1694
4041
10060
9648
13470
11810
11359
1709
6471
19051
16464
5025
5118
2886
5789
17154
15070
13524
17290
16491
2746
13073
4167
14436
15287
1397
17404
15723
17574
8550
12519
14444
2755
12896
11835
8399
108
6143
1865
9346
9240
18165
4902
12123
811
8558
404
10233
14852
13099
4600
15860
17665
9275
18894
14962
17604
1620
5916
13682
16168
19956
15772
7474
7570
10043
3266
2723
14254
12280
12686
11136
16623
162
16153
11313
13057
6138
2049
19879
8224
17240
7362
16722
10531
16287
143
11211
5891
8449
7164
8764
18288
18407
6842
3145
18806
8948
1233
11353
18394
19265
2270
16359
15012
17169
16815
18232
6305
6885
8331
4111
4942
1442
3297
14443
4540
17117
7693
5974
3422
18068
19558
1072
5425
211
11840
4185
9827
5071
13765
11604
1875
5065
14944
17721
4785
15995
17735
15782
2747
2145
17903
3246
16493
7173
6681
17898
1565
10083
11890
6935
12616
6725
18685
10557
2605
16345
7238
18049
12858
7103
11669
11820
1200
16149
7747
16998
18612
7993
6200
8090
6049
8609
8269
12127
19756
12604
17126
1972
8422
487
4895
15836
16664
14692
17222
1002
18524
17230
18961
14951
17450
6986
19553
15050
12733
17539
13566
3650
16485
7043
17239
10075
9785
14794
585
17113
263
722
11355
6724
2393
19516
8922
6616
292
7632
14075
14452
12817
10327
12307
7687
4493
171
15770
3884
2259
666
9297
15737
18840
1294
13123
4548
13288
4424
15080
8934
19460
16365
2155
14099
17552
12309
7298
10352
18031
10926
2923
1833
12251
19290
6928
8636
4239
5984
2001
9343
16250
13885
3890
19386
11786
12829
12077
5508
909
974
12035
8055
17600
4260
5976
12834
6556
8854
14306
19020
19212
17343
1882
8890
9722
13918
4886
2482
16707
12029
17452
12416
13085
11841
7155
5073
4336
10453
1264
7634
19559
6033
9044
14474
1472
2304
7847
7970
8666
4735
3645
7767
19524
19766
16178
18008
16546
19862
8648
1645
7642
13757
6583
11305
744
1319
19483
11625
5416
4803
4050
305
19778
19114
6742
1870
4612
12164
9591
8599
2219
17254
1570
18198
6640
7628
5975
14112
17411
13377
7025
17755
639
4752
10594
419
4771
17890
13243
6371
19325
4872
5051
16808
14597
6642
19056
1402
12014
9567
2420
8093
10360
1158
14838
19566
5804
17550
16653
2265
4784
4169
8303
12603
18656
13215
6428
9890
13953
10584
16924
170
14030
229
3030
14959
1352
14067
18982
18543
16343
9968
4195
7140
17019
14494
363
910
12636
13218
14905
6689
3171
5367
13763
1262
18682
11736
9985
3827
13644
447
2324
16114
7170
11927
9838
18389
5091
18143
17793
17817
10826
11474
11989
303
16174
13623
3183
1751
736
3370
7605
14387
17531
8469
16380
2190
13993
14894
2098
9248
17692
7971
2031
9865
8510
16112
1353
8002
433
2981
18686
12156
3632
7208
5121
1689
17157
16868
4381
11971
11032
11673
13961
8080
6908
3403
12087
9973
461
5296
3662
14886
14675
19787
8424
9066
10913
3601
3202
6893
11670
3769
3977
13145
10577
2181
3516
5017
15915
6264
19551
15148
18236
7902
13485
121
8971
11613
695
14348
9516
5067
6732
17726
10107
14866
17654
3732
10828
18672
931
3377
13759
17777
6506
19621
12838
19227
5644
3883
8246
114
12439
16481
4433
9566
535
3642
11615
19636
3655
2397
15671
4203
2724
13084
4037
18487
10625
16052
14850
13076
18447
16887
1595
13147
5661
9258
8319
2798
4460
6920
683
10861
5224
14397
19640
9151
12524
19937
13021
15571
19154
704
6812
16918
15775
17573
12777
118
6242
2997
3628
8095
3963
8745
1609
5333
10519
11448
4463
16970
6356
13055
8929
14855
14174
1721
1535
1161
6784
1930
3697
10231
1640
15114
10987
7259
15713
15789
1575
18381
14026
4880
16305
17459
2275
13607
10051
11859
12581
7257
1227
11408
3095
2518
4447
14795
7745
3484
16589
14540
1290
15876
9161
17209
84
210
15884
9749
10699
2653
1985
1032
2905
18760
6883
2160
1051
1945
16275
17093
8537
16357
11085
16675
16958
12999
10821
14052
9350
9479
11084
17588
1039
13251
2904
1874
18825
786
8275
10744
8096
17332
8622
8556
9341
10686
11452
18353
17859
7718
8830
7138
8384
2094
9053
8627
19531
15466
12305
9837
6793
7227
12592
4191
9597
16728
9554
18260
7268
16950
7162
18167
2386
14208
13154
19054
19256
2048
14476
941
15716
5755
9831
104
8486
17231
392
16994
15149
4794
9571
382
3802
4288
841
2449
8495
14510
10972
5158
9997
4892
10390
17923
5008
14150
9818
8187
6983
13138
4313
18661
14615
19254
12935
17433
13996
6010
12969
10794
8516
1922
3685
15374
16846
10223
6534
15434
310
12994
2838
19320
3553
693
2734
14059
14259
9414
8235
1192
13278
14351
1616
4097
15414
426
9175
14390
10651
13609
13688
9789
1883
17932
19137
9811
16599
10745
16667
999
15650
2619
8734
12464
16843
4035
4650
19946
10266
12134
8273
16870
9212
17039
11006
19656
17862
3369
3148
7049
10206
19648
13449
14570
15703
4705
11825
5897
19064
14116
18702
16526
19217
1169
4470
9328
5868
17677
9738
1872
19428
10526
9244
13941
13776
8145
1955
17863
15864
1670
12304
11603
16819
4423
31
9670
8304
12429
3811
8766
3419
2540
8035
8058
2016
19851
18439
2362
1508
3623
2683
18266
8081
3332
13113
11303
10228
17562
14463
5182
4920
1992
13486
4214
8130
16274
18264
12003
7734
19032
15275
2738
14200
6802
367
6458
4123
16420
8225
14930
3603
3778
2477
16158
1008
15919
8578
14800
8674
1268
13839
17629
12201
10781
18267
9564
3577
17461
12273
12947
9330
6613
2465
17340
6285
1340
10333
10411
18874
8587
12701
19844
3831
17259
12051
12120
10652
1889
5555
1677
5957
3356
11611
12691
19675
19925
7263
19783
1965
5480
590
11094
13328
11667
17068
828
11743
19987
18254
1950
3047
3705
11324
15854
13594
158
10798
18304
15449
19574
4522
488
12117
13735
12944
5892
6482
13461
4179
8368
10422
1084
3216
11740
13323
11612
19988
14491
5418
5743
3044
17672
17188
2113
10181
14482
1464
18185
8161
140
5519
10892
238
3556
14398
694
15154
5175
9337
19999
1596
13758
7231
15752
3836
5174
8683
5573
11899
8678
8201
17298
14817
19508
14405
8112
16893
10741
15631
5616
4827
19372
1128
11256
1393
17034
1330
9157
15819
3434
12593
9048
12956
2879
16261
17734
13802
14383
1752
1836
1663
1036
11759
6236
13984
4080
3185
12552
2754
15257
7017
19216
4863
19745
16128
463
14605
4721
483
6911
2622
17947
3834
16489
15284
5716
9012
1485
2824
11877
3904
6315
8749
16361
18475
5166
1905
13563
8536
19362
1873
9944
7958
17460
12622
2073
12605
8643
14864
4116
14792
17458
2111
12392
8861
15340
8893
8485
19048
7882
181
4587
12291
7237
19622
11190
2692
5633
10480
9547
9705
19077
15856
15248
1848
17536
981
13115
13981
9599
10772
3372
5138
14401
17789
13242
4316
5523
10400
12150
12952
18797
3058
17226
11990
3112
10374
12357
2468
18692
2389
8364
18112
8353
11469
18596
325
13179
5899
13900
17064
14769
4212
9339
9701
4417
15144
14648
8044
3792
1244
2988
1354
14867
3313
150
11853
2799
14812
265
7306
9255
14489
16809
1406
9986
16862
3492
15615
16727
945
19895
5206
4671
15074
16442
11911
9091
10203
12161
15377
4688
19449
12246
1093
18997
19373
16019
19772
16116
9229
10404
5810
7988
14040
5693
19590
8115
2143
11426
16990
7261
476
18197
15588
7601
3646
834
10291
17354
4914
888
19467
10117
10460
4068
3921
10316
3220
4742
5895
6854
2327
7057
4258
6751
14806
10364
44
19740
1674
16190
14829
10654
15216
3173
8720
1847
14730
7810
15043
19434
4297
12899
1075
1961
2238
12004
12602
1104
7073
3252
5762
12698
12751
11234
1099
11535
15926
7382
19407
7998
927
6244
6735
9340
8894
3223
4925
6775
15740
7145
14379
9523
13050
14403
73
12625
16920
8962
2211
1854
2179
13664
7587
13792
3508
1996
18763
9000
1079
16519
2342
4315
9488
2411
1756
2671
3452
2079
6389
2301
2522
6646
5611
15153
12613
18343
3910
2293
3940
12749
2542
18601
12802
9319
15211
18120
5115
128
234
11300
15404
4219
4615
11640
13517
15023
18583
10024
17656
4006
19685
1298
13022
4830
12690
12513
8054
5420
12711
7688
6852
3159
3019
6286
15062
14010
14863
224
15734
16030
9140
16306
4442
2632
4069
11042
9001
12253
12193
6781
15900
8731
19683
11652
8221
11872
14493
15497
13977
18235
15570
15846
3045
15749
4851
8530
3754
18023
19464
11969
1770
4971
2279
9680
12143
7327
17615
12968
18819
8456
7901
19696
228
3766
8509
9035
77
11416
9447
10504
12785
16446
16382
2230
2012
18421
6085
17546
17463
10970
12344
6811
8504
16811
1637
9851
2762
11698
8859
13407
7979
843
4329
9081
9780
13303
10665
12741
857
17429
3236
18046
9952
14660
14760
1127
10548
1935
458
9891
12059
596
13628
2563
17743
4145
9094
2679
17631
18671
16607
9904
3278
8147
10866
6079
6284
2352
19456
16379
5817
3743
14892
17341
16813
1153
3973
12760
2374
6099
17421
4729
1145
1366
7672
18145
5533
3090
16974
3915
9180
3723
5778
15591
15304
14069
8457
10709
13048
8951
16354
8169
575
15659
16688
4643
1164
10146
15501
13175
11215
7376
4263
76
11966
4199
16204
13016
19664
9096
1920
4856
1241
17971
17690
2932
5515
4723
14936
3774
2099
7912
17223
3421
7786
13982
11967
2858
6061
10999
10330
2927
19270
8855
5621
11082
514
19218
5334
10710
9844
8465
1341
9098
16347
19255
14209
5819
5479
524
4292
17161
2753
15514
2764
3784
9923
19323
17914
8443
16313
17488
19419
18360
19542
18224
10953
3277
15554
11427
14138
8711
9928
6618
9100
2004
18796
17545
15456
12948
14691
16016
8008
846
5880
8017
5135
13006
7221
18189
17532
4228
15200
3438
498
18188
15867
2606
6494
13544
17023
18408
12853
9099
9314
13798
12377
14369
8788
18002
18799
8298
8762
9675
6644
1826
9906
19401
16836
3478
3494
1625
16827
16896
17045
4825
2582
16284
18334
1523
19653
3809
13537
13887
8588
9731
7471
75
4889
15778
13174
9265
14662
16434
11246
16529
15067
4483
15317
2122
12121
14505
13093
16556
1606
174
4546
9064
8799
490
15121
18036
4425
16799
10026
19567
12401
16218
2045
16595
17805
14646
14368
6761
5650
12861
8121
19429
17475
6738
18045
8654
2556
7961
12303
8592
9771
18029
19672
7060
14003
4426
10510
8339
2391
10919
2066
12848
2908
3005
10662
3930
10495
14191
4129
7555
15529
8982
17280
7909
4554
2441
5760
1838
8675
8642
19357
9203
7021
144
12961
9709
2372
7910
19594
7317
17122
17385
12264
10891
5752
18789
9420
7553
3879
2399
14380
13865
18118
7640
14237
8068
11285
8944
3605
5460
14999
18461
5173
2486
9124
19178
11678
11921
19571
12209
1114
14271
6211
5378
12621
1250
12148
13220
137
9524
18653
1525
17410
19850
7166
12140
17319
11892
10177
13504
9799
2314
13550
6089
19549
5768
16294
3286
3336
16537
2116
2812
435
9814
3760
12230
8092
1744
9268
13569
19149
9158
16410
12195
12506
10201
15361
2361
819
12451
10610
14173
126
6313
14431
13604
15649
15109
14701
16119
18154
17784
10346
10398
14832
4255
12619
3939
4061
10735
19089
16927
14355
15687
18453
13860
9926
14426
4284
14687
439
10765
9251
1981
9303
1786
19194
958
17728
6912
1001
7004
9257
2756
2423
11054
12400
1919
10215
14143
12903
10028
4861
457
7859
9893
16373
17955
863
9074
10071
18480
18632
4059
9744
1183
8795
4893
13070
5737
8508
7361
9812
9824
17808
4295
1172
19344
14381
11528
4574
3699
15627
3572
9089
16095
4992
5268
6348
8264
4010
11949
13033
16860
13431
4218
93
19026
7549
11180
13186
17494
605
70
13064
13740
16311
18918
17261
18205
17739
16515
3304
19637
15762
7804
818
4783
14635
14961
18556
16720
3301
11682
18879
10405
7375
2717
17244
9932
16276
12898
10873
10299
17927
7607
17522
14165
17727
4458
1700
7517
12766
17006
2565
7879
9317
4000
8964
5788
3430
11395
8939
4444
19247
18803
6178
8001
7624
18472
17391
222
16765
11450
19517
16256
19914
19394
15141
6157
2640
13371
13855
19097
12482
7461
4230
9152
9842
6707
7964
2971
6275
12296
14408
19709
15639
14314
1778
7740
800
7137
15979
8148
19415
9250
12367
12909
1775
16981
5607
10961
11831
2774
6612
8296
7203
3569
568
17589
8418
5134
2055
12624
573
2061
2433
1574
19499
13262
15380
2826
14080
15977
14017
18694
2857
10037
12716
681
65
16577
5384
11790
18738
4289
15974
11232
8687
11248
19926
12133
4586
2052
614
19076
11702
16226
15400
5930
1052
14232
8023
5453
14286
16073
1714
8590
14679
14512
9470
15557
2298
14762
18483
10132
8053
11836
4157
9105
973
5830
16680
7185
8969
9867
11164
10214
1348
5905
19994
7151
13258
12510
5505
18641
18775
18744
17395
19681
5496
7483
11030
4622
11291
14362
15781
10496
15852
4983
14242
4709
13732
4353
16646
3194
13730
1954
17992
13001
6814
19800
4122
7896
1644
5914
5714
7938
12810
12481
2721
16036
16696
6072
5730
12173
11579
14902
2818
18614
9286
6943
14718
3256
8892
3974
19671
7165
18931
4048
4171
12601
15987
9511
1073
6326
19225
141
5646
3681
10815
8813
17485
18268
10859
6151
16820
12877
1880
1868
6947
782
12067
502
4536
13148
15946
13094
19250
6323
9236
7369
12217
5207
4325
5412
918
16713
661
18963
5114
6498
17979
19903
15307
11320
6337
13568
19457
5191
15423
9682
7360
19327
4701
13672
14499
16580
19441
7645
16598
15314
15575
6417
4243
12764
13254
10447
6972
3644
11522
2407
14531
1015
6204
2062
10367
868
1650
3409
7914
18440
7080
12915
6881
19435
10218
14105
15837
16557
15276
8306
5920
18365
12872
10650
12836
99
16247
17277
17145
5183
5434
1526
18664
1295
1124
14813
14925
7525
5391
133
11809
19257
11192
18468
4227
12523
15399
19561
18741
1878
11439
7454
5141
7457
19996
16369
18563
4685
17815
7045
17381
9022
16326
14475
6672
12559
7500
8335
6126
1024
15970
5898
2107
3417
5100
8593
10420
15473
10276
12252
9872
4909
1832
9211
16046
13333
7699
11914
17818
1023
9196
13772
18075
8709
5962
16422
11993
5219
19155
19345
5413
168
8451
15048
9109
19714
14931
8991
2644
18356
335
4350
1500
5405
10248
2645
11780
4946
6238
13853
442
10981
5792
16779
3844
10918
19033
3888
2868
6734
14095
19471
17561
10474
14255
3859
4505
2241
11982
14097
9739
17584
6919
7622
9987
10481
5382
3427
19822
6771
17462
4552
9526
6708
5186
18941
7325
8103
17732
9746
16021
8426
9513
7849
16219
2984
19468
15220
7324
1333
15432
4165
11776
2445
4935
4753
2357
13137
16740
12258
8789
2317
13950
13360
11675
15111
4858
18262
6678
10632
9589
4969
7143
16416
9935
17432
3845
7823
765
11214
2483
12268
19096
9034
3641
19383
2313
298
8993
16467
15670
6558
19687
18501
7805
18636
7974
17599
12669
18245
13728
14248
5394
16217
7217
635
5120
3385
17467
19186
2296
482
16231
1181
1143
19196
10716
11754
12072
12734
18841
14956
13023
12542
4644
18523
7442
2406
5316
17798
3454
17282
18939
17683
16398
2658
5403
19858
9155
1389
15622
15338
8231
12170
19569
18794
18999
16462
5636
9253
2590
14320
10403
15002
14954
650
5632
1424
5862
16436
4810
3668
4472
4990
16118
1013
1165
15810
7579
9654
4714
12315
538
1486
17795
15805
11758
10182
12687
10816
12056
8967
4965
1148
5610
18047
3024
16915
6360
14082
18052
10573
11391
16756
15223
16709
16350
18559
20
2165
17175
1724
18603
19530
3948
11218
2722
3206
199
5648
2152
18358
3035
17507
16508
6265
10803
12297
10629
15865
3473
13678
12
9830
13104
16535
2511
19705
18914
19629
19086
12229
9372
16448
1009
6100
4394
14318
420
16349
17848
2232
16973
14880
13867
19232
10234
14668
19046
10303
12017
6924
157
17457
11046
13734
18429
7254
18251
17278
13760
1980
8954
6412
11367
13205
2821
18352
510
17646
5095
12818
18491
11783
16122
19944
1765
17935
14358
3111
13188
14638
14594
11113
13227
14694
5165
16549
10777
371
1441
14093
8157
19106
3451
17317
2982
13399
18250
9508
13168
1202
18996
14118
389
6052
19935
4302
13571
4812
5293
495
7701
17693
13529
4952
15598
4383
897
18385
10317
1866
5754
748
8110
17199
15324
1537
16421
15564
8388
11617
17212
12926
2169
14578
18271
12939
3656
5615
14308
5928
5657
4469
12073
7425
11887
5421
16960
4264
16215
400
9686
10620
15402
11002
19837
16236
9938
19069
14933
17906
4406
11602
5831
5960
16201
411
2209
9940
15841
686
4299
6653
6347
368
6095
16388
18158
19830
3992
1489
7121
19941
16258
5759
8810
3964
6622
5399
4160
770
8409
15928
14785
8851
12827
16523
17605
428
7564
12908
18275
8809
18034
18155
12641
10186
1732
3310
3124
13296
11401
9994
3004
4144
8491
1162
1615
9881
17551
11489
17135
9267
9405
13434
2454
16169
5248
11881
3060
3110
11571
2736
6954
19413
5454
2472
6150
17248
3338
9291
17061
19367
13177
5575
17861
11485
11768
18740
19901
11534
17767
2865
6994
14411
9784
19363
18435
12868
9059
17877
8961
16077
223
17120
19666
15620
9787
7309
10967
2675
3170
17855
14186
15277
9584
3118
15097
15069
589
8529
11126
10612
16075
3276
18071
12220
417
12362
10574
7906
1975
17281
1871
7332
10761
6484
12986
10469
13438
9055
10539
11785
12569
15604
2087
6917
16710
499
1418
1668
16612
18455
14518
12563
19955
16504
768
11705
12514
10870
4103
19824
5541
4635
13474
12037
5053
14700
2751
12110
408
10857
14527
18164
3415
7381
1707
11551
9480
11621
15981
10944
13509
7735
17747
13597
2233
15522
2530
12922
9283
5451
5600
9036
19151
7052
6128
6243
16501
9024
405
10763
1068
13334
7753
2595
1306
18451
6195
9163
18195
3241
17245
12628
5739
18359
5254
2603
15479
4780
3764
1160
16690
4014
8307
14922
19538
17627
6387
985
11484
11366
5363
5904
16093
13835
5959
19292
8205
7323
13353
18187
18571
6767
8832
95
13255
2713
12403
9747
17816
14402
17768
12260
12990
6257
12407
9805
11594
12505
19667
1589
16210
16426
17133
5190
5585
16148
17348
18059
10666
11163
907
6951
3295
1203
11838
854
7158
16641
19630
17675
1755
14678
5151
6791
5526
15969
15392
4963
18969
9290
13324
6071
12094
631
3401
4512
17491
4936
3105
9425
2915
6296
12284
18363
8032
15958
14031
9668
12823
11442
5613
4026
15583
4486
2398
13429
14837
18951
18589
10535
5291
14965
1858
1994
12088
19737
11480
17969
16337
4743
12109
11352
429
9699
5122
16798
3864
4823
13496
13669
1131
13187
12276
1336
4096
11335
7858
7551
11750
13290
12597
401
17918
8476
3826
16895
7963
1258
15389
11169
7976
12288
886
384
1492
18733
7247
6605
11830
13332
17567
486
13060
3891
18273
637
18704
4441
6270
16606
8686
12712
10910
2680
5861
15566
10416
15169
2379
13992
15020
8393
16691
19015
9982
6203
18904
12176
12431
6332
16913
4421
13561
17724
14407
3161
9097
18762
4408
15872
8914
4133
18318
14018
15614
2913
6636
4004
2271
14720
10109
9058
574
15035
1370
16141
1182
7290
6301
6552
11526
4453
15576
3943
6210
624
18387
19520
11764
17921
15031
19207
14964
2849
17596
598
16737
1559
5242
14330
14247
14735
15677
6352
5736
5461
7903
14918
1563
396
14131
11517
15202
2577
9689
10427
11570
1028
13029
2026
18351
7081
7746
7940
15777
8046
6652
7842
13268
6528
16134
19893
14986
3333
15796
18630
11146
14556
541
15448
8365
13425
15180
7869
6873
2779
12499
12214
4601
18558
773
11417
4696
3156
2329
1110
12887
14862
15015
11848
10298
201
11160
2898
8836
10178
4603
19203
17454
2885
6979
4507
16246
12311
18907
10038
12959
3125
4238
18147
11624
7119
2221
1657
8309
5849
18401
19123
9745
7282
17708
18728
7113
12565
2660
11995
19965
1184
1764
11005
17957
9095
1749
7193
9806
9766
19522
1624
1567
12831
6787
7749
9858
17182
11797
18130
15750
6385
15138
2700
4087
10792
11400
5706
13916
11161
14942
16282
17580
6796
4899
5361
9983
5305
5273
14626
11965
6248
1343
3837
4525
1361
5988
10143
15030
15297
15596
4504
4834
10087
11491
16792
17159
12456
6985
9507
6397
8257
4981
1780
5465
9146
16614
13416
13167
6131
16239
9579
4154
12949
6905
18822
12426
4309
17661
13492
18625
10793
3258
8668
587
1717
19462
18028
10675
5882
18445
10067
7751
4604
13282
1318
17316
2978
6637
6176
10199
15793
5934
1074
6448
13017
4213
16257
5627
10687
3952
7391
3455
17487
13196
17415
13938
4583
12512
3144
19774
18467
7870
19546
18934
11897
10523
10909
5440
5086
10524
19112
2998
11650
2157
730
2019
16708
12210
9976
15808
11230
17424
10031
728
10809
13318
2961
5800
4987
1451
1811
16829
7068
6533
1622
1553
15198
19361
18193
19115
149
2000
659
13011
8887
11741
12811
12435
4577
10246
2337
8176
16917
4912
18176
998
12459
19487
15427
18655
14680
11149
9057
18218
19263
12534
2222
16394
15362
11023
2914
2005
14569
19029
18983
8074
13411
8104
9455
10047
19632
9378
18149
10482
436
17082
17131
10049
13216
4826
19889
17267
17568
986
1221
17368
3264
16327
8166
14988
6460
11622
15417
5524
18094
14147
10568
7441
12446
19668
7423
16126
14650
11730
36
18007
14968
14496
12867
1576
6669
17140
12112
11734
9259
13248
2884
5606
5504
3694
18877
2492
5853
424
11870
2489
15158
19619
16214
4672
16761
17483
7388
13071
1921
11508
11052
8026
10790
10491
2284
3456
15929
6472
9549
19719
6312
18371
7284
2269
5697
16500
11961
10393
9375
11020
12062
16027
2058
2506
6753
5462
19167
9509
16453
16545
9164
18042
11235
19070
16091
923
18981
13948
16233
19536
7187
19389
4416
19482
11606
655
6046
6774
1240
16187
5529
17067
15774
16931
9751
8342
7339
10485
5910
2081
14543
19104
19000
17304
6123
12105
2108
1046
1837
9916
1803
13947
17066
15726
19967
18372
19905
15286
4747
7720
3861
5829
11942
11273
957
13103
8750
16108
13944
14803
12856
5252
8942
5439
10127
1363
11510
6280
9154
1106
2850
3652
11053
3007
8154
10720
3300
11832
13325
18178
4852
6227
2200
4898
8979
10836
3932
15612
3922
3368
11660
14990
4607
609
13465
8956
919
407
19729
15844
9458
3936
15623
17449
1626
7883
9491
696
16900
13385
19806
15328
10881
2906
7199
12889
10375
89
8350
12717
3839
18886
4798
7421
2164
16142
13080
12557
6162
3971
19130
7778
9075
11684
18810
3530
12185
8670
9512
11607
19695
8048
17416
2737
1862
19012
8427
2185
4652
10854
9649
14643
10001
1483
18703
3201
18181
7505
4076
17897
14857
9173
12805
8691
11946
19611
2596
14984
1042
9023
14230
6339
16181
6882
3639
9077
4953
142
13367
15954
11626
19923
3226
2267
21
4008
4253
15891
5265
18362
13190
11889
5812
9213
7704
18896
5043
18333
4616
10998
18041
10039
1682
10880
17575
7142
2907
7044
2035
19326
16341
15133
1064
4283
12001
4630
8676
1699
15299
18317
18669
2936
13762
15131
2100
19498
4236
1303
7644
14983
7014
10209
2054
15838
583
2536
5658
3742
5769
12882
15118
15
83
11706
18953
1588
19565
5781
6485
5441
15847
12570
7596
17819
4455
16731
5393
19090
1618
8902
5231
6420
2729
1228
2395
18667
19635
12539
16110
6429
18215
15426
17143
2546
10259
9832
7760
19140
10958
15885
16972
6293
4991
4187
16208
6055
10113
7620
12678
19174
7739
7567
11666
11459
1305
17611
3102
9429
8968
7876
12561
10957
194
15459
3383
19279
19975
15903
2305
606
14883
11418
17738
18095
4704
17466
15081
10098
9129
1604
13979
11098
13454
9426
17930
2383
9614
16180
8258
512
2047
5229
12151
11184
16975
14771
16851
18102
5873
14477
2688
19117
8124
1396
3363
14756
13784
14926
7186
1332
18177
17880
18057
8442
337
3756
12998
9160
16229
14895
4428
2375
9615
8041
17321
16730
685
5536
17331
14654
15127
8623
14292
6189
9329
4001
7294
2703
16492
4555
7710
11976
10418
8238
1940
8913
9400
8219
7033
1231
11657
15656
4033
15022
6294
11451
1380
11722
12918
16495
18280
15233
4518
6922
4083
6878
15240
8597
11959
3950
3193
11527
16605
13419
5635
11231
7015
13815
2120
18881
1562
9347
16775
16790
13886
18634
17193
6222
14481
4638
5463
10723
8735
14257
17595
19939
13414
9989
13090
867
17371
6436
16006
9962
10297
4520
6115
1777
3152
18977
654
17582
12141
18673
5102
17013
13305
1403
19305
13482
6014
4850
5244
19138
14747
2023
5106
13289
7560
4801
5167
11663
2075
13636
16959
10250
12239
4312
8037
10576
7358
19825
17617
3347
5807
10879
777
17603
11703
2366
518
5030
13514
2239
8946
1958
2514
5701
17107
12912
2585
97
1103
1217
12244
18479
3391
649
2547
17026
11399
8858
5733
15794
5310
8159
19461
11861
15866
16454
8673
14008
9953
6198
14920
2205
11951
18378
12571
5214
6453
1914
5101
3547
5557
18393
3965
19874
13069
200
16486
8315
845
3053
9565
8544
12122
4448
7006
2772
14096
16517
16540
6040
10942
14903
2292
14033
9179
17607
14732
8820
738
1382
11315
16069
19953
9376
13383
3629
14185
13026
1819
6743
19612
8990
9999
19625
808
4641
11205
12212
11203
1573
10646
11374
11309
19595
17633
14114
8250
10355
14842
16784
9574
18374
4375
8684
11521
19235
17164
11623
5543
4832
2245
14586
4842
5011
7225
5037
248
3147
8519
11476
12884
15177
18219
10694
4443
9131
7537
7580
4811
5161
3643
6016
9980
2246
12750
17232
16363
19831
13596
19192
4776
1154
16013
15157
12467
3398
11547
17296
6056
5641
6588
9984
10085
4343
5735
14948
1309
4471
16175
3273
6530
17517
1558
16992
2291
13797
12278
3225
432
16457
10516
6965
12312
4020
5761
4400
12092
8705
16935
19867
7377
2430
4666
12782
17800
9242
18889
2050
2883
14289
13536
14723
6251
4131
1982
3254
12842
3510
10348
17096
3665
12326
9978
17853
14238
6008
1543
13713
12334
7243
3359
3914
5923
12722
9907
15728
8856
4027
10635
4251
17916
9384
16045
16362
1776
5850
2970
3738
9063
15829
3260
17799
18410
11701
10027
2899
9496
10288
6526
667
5168
3280
8105
5775
16923
3609
11796
10776
6124
15537
18127
12509
1823
11518
17634
7652
7995
8248
2400
3051
7956
15421
12408
19582
9835
15205
1970
3180
7182
12237
13663
613
17984
3998
9299
5234
10773
3855
13310
17703
6765
10752
18875
14740
5883
8663
19277
11687
16588
6308
5473
14704
9489
836
1116
8800
3838
19398
4250
3535
7884
4208
19505
14217
5113
16413
8499
15714
8129
551
358
9936
5197
7120
10554
10690
15998
302
17740
9883
7782
1903
2213
19509
19081
13497
10016
18157
19596
14875
6563
5016
6696
19406
9438
2793
5945
3453
11795
9910
11794
19872
18920
8701
4046
11440
8400
9454
3928
13959
1805
12414
13707
3953
18113
7949
7836
19271
19623
10301
10151
9262
10361
11746
1280
6341
11498
462
6615
1818
4669
4958
9245
18301
16522
12221
15467
10376
8370
18716
2769
19501
7934
17144
4409
1444
2306
3684
1053
951
6967
7387
9247
19334
10960
8984
11549
12647
18263
6546
8904
18484
13724
18608
5123
19811
6888
6300
8569
1215
6044
2903
8018
19713
5513
4689
6346
3013
16113
5623
16342
2453
19276
9216
19022
6900
12520
5108
3224
14993
410
6148
16300
896
7661
16266
17253
17206
7134
7443
13861
4833
5787
11802
16989
2739
2781
4072
19251
9658
19408
11763
17556
19377
13308
18311
17020
1642
8279
1139
19124
10446
3682
19160
10775
3546
19352
10284
18521
5978
4369
13619
10764
14251
6101
7176
6937
10395
18639
10850
15218
3207
13811
2557
5050
11299
9159
3512
1974
2686
5200
7299
4620
14516
14488
7727
9735
2962
347
16152
10056
4159
1297
16750
14860
15176
5673
2867
19060
17920
10596
1681
1130
1538
5395
13387
4361
15533
1718
16360
1665
11134
13511
12175
14788
4613
15498
10843
8340
13448
4365
15013
9143
12250
12469
19259
1141
1282
9528
7139
4964
1267
5532
2429
19586
9868
8271
4900
8972
16534
889
8243
237
11337
11099
10169
8474
9993
6887
8751
14446
13132
5054
5758
18916
13477
18326
0
10558
19421
5890
16873
18868
17073
13460
4188
12154
5084
18593
319
1910
9786
7635
16826
954
17178
15500
15056
905
9448
12324
7122
12225
18100
6088
14840
2297
7919
5417
3381
1984
7184
4539
2975
2695
16818
7521
16228
8027
11811
11432
1783
2089
885
2941
2348
8236
19913
19557
3001
8288
9052
15247
19211
7481
19368
203
13402
19246
901
13976
866
7366
6690
12980
19603
4517
18548
18528
12526
5806
16980
13703
9897
5924
14293
5509
2959
10894
13746
11537
16554
18448
2074
3514
2018
3488
7649
829
17095
15071
3880
12907
9631
18717
18192
7432
14371
3364
5948
8542
18083
9460
10700
7131
16555
9607
10924
1561
7523
2071
11206
741
4205
14332
16803
10922
14282
6474
791
16402
18076
18327
18492
13962
6324
2070
6058
11373
3700
6291
1828
6366
47
19388
167
1754
16044
18958
15371
12397
7967
16916
3470
7355
14708
14498
11351
2541
10101
703
7329
14295
763
12508
1527
1541
15412
8612
9992
16200
6026
12706
4614
11765
711
13808
6945
14062
12098
7067
2
10653
6249
14908
19038
10052
3271
9823
15664
14655
1452
4968
17733
6012
15689
431
9915
13826
3481
15873
2388
4147
13236
4550
11123
505
15894
15869
2964
1693
18698
18927
15409
10072
10587
18892
14055
13535
18610
16788
6273
11240
18808
13659
8503
10383
17742
5825
14575
9362
12007
9841
6571
9084
1788
5201
6274
8866
8579
10882
3239
13072
5660
5110
11542
4906
6074
14057
9504
19294
19957
13030
16372
9942
8867
19676
15215
2775
9763
3806
14796
3468
16801
10452
9674
17578
17037
3437
11357
4602
173
6193
4660
7953
1385
18516
7235
7013
2642
8515
18058
991
14393
3269
197
7936
13546
17490
19694
2367
16651
1003
4519
2216
2647
10965
14777
10514
10877
19535
15949
7269
11728
11045
1927
17945
15454
15383
1669
5497
10167
5791
4758
18069
14231
16399
10441
2965
8981
18845
11220
3
13224
10007
3736
13895
15624
19177
402
5227
12931
1426
18535
12555
14782
208
10003
13173
4440
9998
10156
16511
1831
8783
13357
14085
5674
17017
4321
15457
10954
5710
11468
3865
14129
16747
15862
6850
14833
3878
1953
12153
8378
18024
11419
4060
1126
18942
1600
13361
13857
444
6364
7781
4363
10795
131
5325
3041
18905
5474
3036
19786
16876
14108
18730
13699
9411
17327
7152
12927
10822
15452
2820
8184
17616
1712
15708
616
19092
12223
129
10455
8794
11654
17010
13280
5556
4569
8496
10952
8819
12178
19777
648
454
14135
3179
18706
17292
4450
17781
18783
9545
15828
9348
16475
2794
12719
9231
1249
19684
10571
9716
12590
18793
5435
13267
16479
17401
19492
8394
15289
11631
15645
14388
3306
2550
14013
1040
16165
2414
19519
8038
3086
7984
18677
6704
14631
14836
10569
4884
18335
8477
19395
7526
13559
6984
11128
13687
16096
13119
1908
14661
7946
10722
17553
6309
11141
6282
7925
13738
11948
14985
2370
7053
7171
13590
10073
4875
9724
7433
7409
11259
6614
8203
5721
13458
4561
12675
11304
3050
14245
7814
7347
7191
13836
3937
11178
2783
14722
7928
19358
12321
19007
16881
8840
17967
6629
13014
17527
11466
14979
12095
2931
17471
18283
15024
3761
8974
2091
12207
7054
18450
14384
6567
12009
5345
16806
894
8402
1197
8848
41
3638
3956
4580
10421
1473
2212
5137
11140
10900
6955
4924
2670
11341
2624
13153
12411
2602
5525
19053
7982
4506
12541
6036
1568
4624
17004
7159
6444
3894
2141
9687
6869
8107
15461
10936
12878
698
17972
4910
14092
7352
15251
11243
17309
3968
7011
185
6230
10874
6830
1044
15823
10281
6105
1839
8888
5096
11567
6548
15237
15758
3812
5563
19013
3637
13912
18500
14361
15930
17380
556
2600
14265
18332
9979
2159
10208
3321
7948
7074
17464
4547
5359
1660
2166
14764
16791
6228
11974
3933
3268
13627
8924
16636
18050
4930
7434
10978
1069
7218
18072
1026
5064
5257
10708
15804
1102
750
1201
18349
19491
8615
916
14714
1401
871
6503
12966
13054
19577
6250
9169
4241
10193
2321
11952
18284
1100
16304
18613
1066
11815
5055
6755
11563
17822
18111
11252
5087
19885
4013
16910
3823
17177
4654
15771
9667
15744
4993
3706
9779
19148
10387
3296
10094
10377
18207
9430
2322
16157
15219
2564
4364
2778
16616
9870
6730
18477
2208
6560
5757
15651
16593
9694
16471
12801
6780
13530
4556
10245
414
13994
1988
8732
7916
2162
2199
18065
19886
17393
8806
9708
1582
17266
12248
3696
3093
7997
9486
7303
5322
8580
3907
10023
17962
18025
8562
5990
4961
14511
1421
4432
19820
14665
6788
3985
3772
5396
673
3055
406
6752
4242
14234
4985
2659
10319
9908
5553
9616
6283
4298
18842
10791
1771
18064
10379
14563
11446
1685
17824
15302
4226
15814
11818
2773
6310
11917
17542
9518
15682
153
10986
1351
11176
19932
7527
85
13164
9382
9149
6134
8756
7426
13572
9043
14167
15543
3751
1315
18695
1630
10582
18884
8512
5225
5594
11721
15217
13744
7010
10830
12579
793
4153
13379
7472
1088
745
14196
9282
7671
5255
2562
12106
6069
17434
13595
19087
8434
14461
1206
9970
7031
5855
1404
2856
7748
4703
9067
9917
14828
6960
18182
7695
1813
13694
17544
12238
3871
2225
7904
15638
2508
18710
7476
10592
3023
15073
18527
8505
7800
10296
19458
10090
6392
5341
18715
2554
9028
14717
7480
2757
19440
11515
13466
11847
14530
1419
3893
19966
10805
18880
6511
17505
15678
6256
2830
6258
4399
2919
18281
2510
5498
13206
451
8661
14946
9848
16582
699
3991
5288
17102
8229
15246
8785
12267
12890
9266
8341
3773
6936
15256
13859
10286
19552
3882
16166
11043
11718
6078
2167
4896
19624
12574
5913
13716
13366
4398
9419
14695
3571
17702
14825
15519
10140
19025
10093
17249
17988
3575
16617
9900
4202
17850
15312
15751
6320
15075
19230
6859
2612
19884
13657
11920
8411
19785
780
779
11162
11782
19642
4839
12629
7806
806
15007
240
15541
13654
4030
9557
15384
18990
6595
6005
17469
11142
1186
8123
5998
6188
11554
4034
4161
14536
5318
13038
11512
10163
3292
12680
1545
18342
9106
18208
3303
1189
13302
9697
164
19127
17504
15956
7245
4254
12104
13102
10409
2646
11066
15736
14514
4646
2532
15278
11936
17695
8070
244
13578
4572
60
3622
6727
4113
10509
7682
19948
7966
7088
6329
11710
1856
8646
11238
314
2549
7494
17330
7279
11110
18166
4989
11457
18067
13456
16329
19016
7702
10045
18862
7462
6858
13783
10082
10100
5942
1430
9820
12352
2451
14260
12916
14181
4588
13467
4294
12796
11628
865
17842
17885
5588
1841
10389
12314
5362
6892
6370
13620
4200
7723
4276
13650
10354
11044
15761
2295
12957
17418
11014
16018
5269
15092
10064
19342
16087
11208
8222
14849
15083
18286
3251
10478
16089
16544
11414
19304
12724
9638
12767
7450
10122
15000
9440
18191
7917
15436
13476
4201
12504
9813
1156
9413
4720
4691
12024
15755
12973
16409
17305
7592
9796
14978
1462
10176
12226
7774
3507
6813
12496
6118
3182
9126
6880
3788
10552
7578
12807
3957
6509
7762
9162
2977
16121
8087
11659
17060
2669
19028
8057
3038
5655
18153
3065
6121
13726
19135
8551
16689
14950
17922
2636
11121
13363
13720
7393
12662
17503
6903
15790
13061
17752
10320
15339
14065
1978
19929
5286
6973
4562
1947
6827
2186
19650
2396
3563
5472
17684
15331
13711
5355
11716
2504
9264
4229
16414
4099
8005
9665
10846
11166
2029
6225
18001
6440
8839
562
17105
4429
2463
16702
4127
17419
8540
213
12137
9971
7924
13032
10461
14590
10070
4544
7320
3828
19350
7812
8289
9435
10350
8212
5582
353
10712
15159
6465
11553
19810
13040
1000
13075
4967
11492
12145
9617
5230
18510
18750
11375
3593
9335
466
12946
8056
3059
14274
6279
19710
11978
470
4196
1703
19917
10996
17688
14027
8446
8828
19651
5024
2777
5675
19356
15265
13794
15293
14500
7394
10856
19815
13963
18121
6477
1785
15337
17484
18714
4272
15855
15253
5289
19161
1536
259
7167
14299
3627
16655
18619
18078
5718
8097
11062
9134
11244
5176
3935
15393
10732
8432
15373
1344
19274
979
13733
15438
8658
6723
1286
18444
9653
3634
2567
7743
11328
19534
6728
11376
3407
10322
6659
17030
1251
2439
8811
17089
19157
19319
7895
7875
5838
12875
3667
3972
16123
8268
7107
4100
15163
10521
14442
5036
19280
5863
19871
17642
10440
7741
2328
2189
15441
8682
7110
3598
15490
11301
10179
14266
19744
19866
12560
14074
18919
16308
9946
17246
11918
10872
8729
9272
10804
1991
2733
7863
10306
7736
2698
13893
17207
11562
11349
16782
14419
1152
810
6480
6185
10311
8075
5317
2092
13372
14275
10799
1475
15968
7561
16665
5820
19341
5566
5028
14495
19781
9345
19249
5294
6407
17659
18169
14547
19339
12638
12803
7965
13028
9471
2560
13909
8202
18642
14272
18230
15329
18635
4997
3724
7338
4819
18782
1959
16521
19198
14876
3515
6254
7544
7989
4903
18818
17155
5210
15106
4084
6191
13122
13700
4021
18314
12064
8639
15861
6559
2204
995
7816
3725
7826
14241
16188
15839
8955
16787
13306
12036
13727
18946
15241
17766
1549
18125
4984
5267
19688
3461
16694
1881
2771
182
3999
7287
5932
10806
9760
14034
9459
7889
5109
6525
13516
12361
4301
10310
19674
7669
14861
5507
14580
15463
4217
15068
2421
6421
12979
5266
11173
17640
9688
1400
17731
10371
16677
10
2220
5822
16072
2946
8879
12076
9116
7334
4307
8338
2934
19807
9307
10770
1098
10289
11962
17440
283
87
16207
14912
1308
5488
11595
10247
14765
17056
313
1025
3805
18629
9833
13587
4155
3305
9168
7623
8429
6411
4418
2841
1976
13451
17937
15652
13934
17106
16751
6449
8206
14486
13824
7722
9808
1747
19930
14524
3160
4791
17983
11958
19447
5088
6982
10435
1931
12688
8634
5785
6807
13709
19310
14746
15657
17943
13106
10076
798
9646
2869
12385
4655
1316
1142
10490
6127
14670
18135
19682
18684
9734
2278
8284
11747
15123
15999
7034
7468
16469
5019
952
2085
18743
18585
17173
16062
6739
10657
15468
7228
7986
18278
14621
14618
12390
10119
17451
5952
3747
6864
19788
17203
1135
7105
2505
18737
13245
6400
12495
9912
9714
3088
3896
312
3154
16528
1196
501
9608
2854
17709
3209
2136
10025
5046
7420
3257
14404
19918
6168
10683
12761
5968
3334
12119
8270
12254
2509
7817
17059
8882
4817
5092
3010
18405
1728
15283
11677
15052
19489
19333
2788
15984
14483
13852
14770
13152
4631
826
2144
18956
13613
16424
13955
5376
12970
4049
8884
9
554
10898
12222
15413
13902
38
4025
3554
1123
6314
6855
9895
1365
18509
5157
15820
2765
4820
7536
10442
5119
16627
4367
3122
17758
17663
1257
5187
8324
4146
2338
18758
2470
11361
1966
6406
1326
13155
17710
9671
570
4545
2435
10198
19420
17682
8567
15385
1719
2104
5965
4142
12049
13068
7929
874
2176
6025
14389
15430
10054
7670
12920
471
5432
11222
2581
7610
15406
11378
11717
4162
10213
12729
17008
15045
1533
10148
4175
3388
14467
14507
19525
17985
10321
9296
14468
1815
9586
17980
5012
16776
17512
17442
17083
14515
2180
4249
2436
11103
7757
7012
17523
13037
10869
12553
10518
11009
9123
1480
815
6335
10011
16628
14064
4755
14139
6510
2613
19647
633
18272
11174
12454
9137
12748
7899
7754
14288
10966
18598
14303
14261
4019
19228
6093
10563
10271
17233
16548
9966
1739
5558
12343
3433
16143
17613
10679
6714
15937
6766
12376
15993
14374
1902
11545
1017
6856
18018
17050
16212
1793
11523
2014
3876
11124
8619
16961
4105
8531
4476
15603
2689
2972
6758
13599
3483
18221
11368
15443
769
6455
10964
5427
7714
11916
14562
16138
19954
14449
11470
7280
10091
16742
862
12699
993
7357
14423
4256
11834
19698
10885
9029
594
4594
17681
14709
9710
17184
8825
19291
9383
17080
8908
16942
17978
1864
4573
913
15663
6889
19317
16786
2044
17577
17501
15001
16564
4231
9757
788
11540
9529
11884
10905
16156
190
12554
9371
14629
18259
18709
17919
6988
14834
14146
15610
10277
11585
2059
15630
8847
6340
19185
12582
11700
1911
19098
8318
2696
4501
11539
15171
859
8137
19813
1602
3345
12113
10995
1853
17787
1248
11559
8513
2873
12839
11306
15195
11027
11286
8108
3294
1300
12710
16681
2942
9592
11397
9718
11488
14576
16032
18282
2814
925
11386
4593
5591
13879
2991
8004
17412
18420
14521
3429
5652
4109
4457
10339
15011
14363
19767
2369
5678
3442
8561
14910
7343
13626
6416
3215
12548
152
3938
19164
5321
18663
14821
2065
15757
9065
7780
4326
8259
8498
7565
16718
2214
3232
12518
12864
9432
4605
4731
14121
6674
2973
4183
4132
12852
19364
7099
14639
6569
801
17836
10579
11646
7504
1697
2586
15047
16768
9570
18087
17820
19601
2349
15203
14697
377
7241
12354
14958
16507
18924
2852
12470
14337
1149
18526
12019
19261
7851
14262
14823
17757
9679
8706
5603
9691
2226
1111
1413
18995
4407
13586
14727
13233
8404
14731
9221
1898
7793
19921
19890
643
2655
10886
14733
3608
3420
4907
8459
4846
8568
3673
16241
7811
11464
15403
11482
5077
2531
2326
7071
17123
8366
12236
8291
12812
8781
14721
12395
18903
3127
10641
15391
9933
6495
3233
13437
12472
5058
4960
9655
4845
17258
9392
14980
17540
1614
399
8653
13601
8965
11829
7698
3393
11193
3737
10640
3346
4128
4247
9313
13552
544
18777
11168
15143
15310
3711
9707
11799
2041
16299
15378
15386
18637
19335
13813
5879
14672
19846
16837
14600
16789
19510
6022
15334
2808
3909
281
13719
5099
7841
7864
15258
7397
3873
19545
2501
2800
16189
15963
18554
10279
6744
2819
1335
4016
15014
18214
19990
2060
2928
19431
64
16857
10907
19014
11529
8949
1506
10338
19692
16838
14681
16297
11040
14340
5185
18156
14256
13421
13872
2086
7223
14072
10270
3042
15319
270
4658
5609
1510
14676
12302
18037
19402
13304
18478
17063
17495
15698
14688
12269
14610
1210
15472
18109
6020
4163
17934
14501
